play_id,period,time_remaining_period,secs_remaining,secs_remaining_absolute,description,home_score,away_score,score_diff,play_length,win_prob,home,away,home_time_out_remaining,away_time_out_remaining,home_timeout_ind,away_timeout_ind,home_favored_by,game_id,date,whichScored
1,1,2:25,1945,1945,Hampton Offensive Rebound.,0,0,0,-5,0.5,A. Johnson C,N. Young F,4,4,0,0,NA,401176747,2020-02-18,NA
2,1,2:30,1950,1950,Ashley Bates Offensive Rebound.,20,12,8,-3,0.7057419460139428,A. Johnson C,N. Young F,4,4,0,0,NA,401176747,2020-02-18,A. Johnson C
3,1,2:33,1953,1953,Dlayla Chakolis missed Layup.,20,12,8,0,0.7054849104329104,A. Johnson C,N. Young F,4,4,0,0,NA,401176747,2020-02-18,
4,1,2:33,1953,1953,Dlayla Chakolis Offensive Rebound.,20,12,8,-3,0.7054849104329104,A. Johnson C,N. Young F,4,4,0,0,NA,401176747,2020-02-18,
5,1,2:36,1956,1956,Ashley Bates missed Layup.,20,12,8,-20,0.70522819117554,A. Johnson C,N. Young F,4,4,0,0,NA,401176747,2020-02-18,
6,1,2:56,1976,1976,Hampton Offensive Rebound.,20,12,8,0,0.703524642393787,A. Johnson C,N. Young F,4,4,0,0,NA,401176747,2020-02-18,
7,1,2:56,1976,1976,Kathryn Kirkwood Block.,20,12,8,0,0.703524642393787,A. Johnson C,N. Young F,4,4,0,0,NA,401176747,2020-02-18,
8,1,2:56,1976,1976,Nylah Young missed Layup.,20,12,8,-8,0.703524642393787,A. Johnson C,N. Young F,4,4,0,0,NA,401176747,2020-02-18,
9,1,3:04,1984,1984,Ashley Bates Steal.,20,12,8,0,0.7028469759416058,A. Johnson C,N. Young F,4,4,0,0,NA,401176747,2020-02-18,
10,1,3:04,1984,1984,Anda Kuzmina Turnover.,20,12,8,-15,0.7028469759416058,A. Johnson C,N. Young F,4,4,0,0,NA,401176747,2020-02-18,
11,1,3:19,1999,1999,Ashley Bates made Layup.,20,12,8,0,0.7015819149026303,A. Johnson C,N. Young F,4,4,0,0,NA,401176747,2020-02-18,
12,1,3:19,1999,1999,Ashley Bates Offensive Rebound.,20,10,10,-3,0.7443215891980225,A. Johnson C,N. Young F,4,4,0,0,NA,401176747,2020-02-18,
13,1,3:22,2002,2002,Laren Vanarsdale missed Layup.,20,10,10,-7,0.7440350425234603,A. Johnson C,N. Young F,4,4,0,0,NA,401176747,2020-02-18,
14,1,3:29,2009,2009,Carmen Jackson Steal.,20,10,10,0,0.7433673788050336,A. Johnson C,N. Young F,4,4,0,0,NA,401176747,2020-02-18,
15,1,3:29,2009,2009,Brianna Lewis Turnover.,20,10,10,-22,0.7433673788050336,A. Johnson C,N. Young F,4,4,0,0,NA,401176747,2020-02-18,
16,1,3:51,2031,2031,South Carolina Upstate Defensive Rebound.,20,10,10,0,0.7412773110651912,A. Johnson C,N. Young F,4,4,0,0,NA,401176747,2020-02-18,
17,1,3:51,2031,2031,Carmen Jackson missed Three Point Jumper.,20,10,10,-17,0.7412773110651912,A. Johnson C,N. Young F,4,4,0,0,NA,401176747,2020-02-18,
18,1,4:08,2048,2048,Natalia Panufnik made Three Point Jumper. Assisted by Brianna Lewis.,20,10,10,-21,0.739670414614523,A. Johnson C,N. Young F,4,4,0,0,NA,401176747,2020-02-18,
19,1,4:29,2069,2069,Ashley Bates made Layup.,17,10,7,-15,0.6734463042478809,A. Johnson C,N. Young F,4,4,0,0,NA,401176747,2020-02-18,
20,1,4:44,2084,2084,Brianna Lewis made Free Throw.,17,8,9,0,0.7158749146559205,A. Johnson C,N. Young F,4,4,0,0,NA,401176747,2020-02-18,
21,1,4:44,2084,2084,Brianna Lewis made Free Throw.,16,8,8,0,0.6945364330287669,A. Johnson C,N. Young F,4,4,0,0,NA,401176747,2020-02-18,
22,1,4:44,2084,2084,Official TV Timeout,15,8,7,0,0.6723289107069886,A. Johnson C,N. Young F,4,4,0,0,NA,401176747,2020-02-18,
23,1,4:44,2084,2084,Foul on MaKayla Timmons.,15,8,7,-4,0.6723289107069886,A. Johnson C,N. Young F,4,4,0,0,NA,401176747,2020-02-18,
24,1,4:48,2088,2088,Riley Popplewell Defensive Rebound.,15,8,7,-2,0.6720318475441746,A. Johnson C,N. Young F,4,4,0,0,NA,401176747,2020-02-18,
25,1,4:50,2090,2090,Nylah Young missed Jumper.,15,8,7,-17,0.6718834555502855,A. Johnson C,N. Young F,4,4,0,0,NA,401176747,2020-02-18,
26,1,5:07,2107,2107,Riley Popplewell made Layup. Assisted by Brianna Lewis.,15,8,7,-7,0.6706257665895119,A. Johnson C,N. Young F,4,4,0,0,NA,401176747,2020-02-18,
27,1,5:14,2114,2114,Kathryn Kirkwood Defensive Rebound.,13,8,5,-2,0.6239154712238789,A. Johnson C,N. Young F,4,4,0,0,NA,401176747,2020-02-18,
28,1,5:16,2116,2116,Nylah Young missed Layup.,13,8,5,-8,0.6238038343402142,A. Johnson C,N. Young F,4,4,0,0,NA,401176747,2020-02-18,
29,1,5:24,2124,2124,Nylah Young Defensive Rebound.,13,8,5,-3,0.6233580267190334,A. Johnson C,N. Young F,4,4,0,0,NA,401176747,2020-02-18,
30,1,5:27,2127,2127,Brianna Lewis missed Jumper.,13,8,5,-7,0.6231911486850658,A. Johnson C,N. Young F,4,4,0,0,NA,401176747,2020-02-18,
31,1,5:34,2134,2134,Riley Popplewell Steal.,13,8,5,0,0.6228023867402612,A. Johnson C,N. Young F,4,4,0,0,NA,401176747,2020-02-18,
32,1,5:34,2134,2134,Laren Vanarsdale Turnover.,13,8,5,-20,0.6228023867402612,A. Johnson C,N. Young F,4,4,0,0,NA,401176747,2020-02-18,
33,1,5:54,2154,2154,Riley Popplewell made Layup. Assisted by Michaela Gibbons.,13,8,5,-11,0.6216962177809653,A. Johnson C,N. Young F,4,4,0,0,NA,401176747,2020-02-18,
34,1,6:05,2165,2165,Ashley Bates Turnover.,11,8,3,-18,0.5735885940979953,A. Johnson C,N. Young F,4,4,0,0,NA,401176747,2020-02-18,
35,1,6:23,2183,2183,Brianna Lewis made Jumper.,11,8,3,-4,0.5729727438081019,A. Johnson C,N. Young F,4,4,0,0,NA,401176747,2020-02-18,
36,1,6:27,2187,2187,Riley Popplewell Defensive Rebound.,9,8,1,-3,0.5244331916623864,A. Johnson C,N. Young F,4,4,0,0,NA,401176747,2020-02-18,
37,1,6:30,2190,2190,Nylah Young missed Layup.,9,8,1,-13,0.524398405382147,A. Johnson C,N. Young F,4,4,0,0,NA,401176747,2020-02-18,
38,1,6:43,2203,2203,Anda Kuzmina made Three Point Jumper. Assisted by Brianna Lewis.,9,8,1,-26,0.524247915603762,A. Johnson C,N. Young F,4,4,0,0,NA,401176747,2020-02-18,
39,1,7:09,2229,2229,Laren Vanarsdale made Three Point Jumper. Assisted by Nylah Young.,6,8,-2,-16,0.4522129371098579,A. Johnson C,N. Young F,4,4,0,0,NA,401176747,2020-02-18,
40,1,7:25,2245,2245,Riley Popplewell Turnover.,6,5,1,-19,0.5237650907820912,A. Johnson C,N. Young F,4,4,0,0,NA,401176747,2020-02-18,
41,1,7:44,2264,2264,Ashley Bates Turnover.,6,5,1,-14,0.5235487387520344,A. Johnson C,N. Young F,4,4,0,0,NA,401176747,2020-02-18,
42,1,7:58,2278,2278,Riley Popplewell made Layup. Assisted by Michaela Gibbons.,6,5,1,-15,0.5233902982015151,A. Johnson C,N. Young F,4,4,0,0,NA,401176747,2020-02-18,
43,1,8:13,2293,2293,Ashley Bates Turnover.,4,5,-1,-17,0.47677844820723825,A. Johnson C,N. Young F,4,4,0,0,NA,401176747,2020-02-18,
44,1,8:30,2310,2310,Nylah Young Steal.,4,5,-1,0,0.4769683195238842,A. Johnson C,N. Young F,4,4,0,0,NA,401176747,2020-02-18,
45,1,8:30,2310,2310,Barrett Herring Turnover.,4,5,-1,-16,0.4769683195238842,A. Johnson C,N. Young F,4,4,0,0,NA,401176747,2020-02-18,
46,1,8:46,2326,2326,Nylah Young made Jumper. Assisted by Laren Vanarsdale.,4,5,-1,-11,0.47714557646246253,A. Johnson C,N. Young F,4,4,0,0,NA,401176747,2020-02-18,
47,1,8:57,2337,2337,Brianna Lewis made Free Throw.,4,3,1,0,0.5227334298642733,A. Johnson C,N. Young F,4,4,0,0,NA,401176747,2020-02-18,
48,1,8:57,2337,2337,Foul on MaKayla Timmons.,3,3,0,0,0.5,A. Johnson C,N. Young F,4,4,0,0,NA,401176747,2020-02-18,
49,1,8:57,2337,2337,Brianna Lewis made Three Point Jumper.,3,3,0,-15,0.5,A. Johnson C,N. Young F,4,4,0,0,NA,401176747,2020-02-18,
50,1,9:12,2352,2352,Ashley Bates made Three Point Jumper. Assisted by Laren Vanarsdale.,0,3,-3,-25,0.4326567000509638,A. Johnson C,N. Young F,4,4,0,0,NA,401176747,2020-02-18,
51,1,9:37,2377,2377,Ashley Bates Defensive Rebound.,0,0,0,-3,0.5,A. Johnson C,N. Young F,4,4,0,0,NA,401176747,2020-02-18,
52,1,9:40,2380,2380,Michaela Gibbons missed Three Point Jumper.,0,0,0,0,0.5,A. Johnson C,N. Young F,4,4,0,0,NA,401176747,2020-02-18,
