play_id,period,time_remaining_period,secs_remaining,secs_remaining_absolute,description,home_score,away_score,score_diff,play_length,win_prob,home,away,home_time_out_remaining,away_time_out_remaining,home_timeout_ind,away_timeout_ind,home_favored_by,game_id,date,whichScored
1,1,9:44,2384,2384,Kate Letkewicz missed Jumper.,0,0,0,0,0.5,Dartmouth,Boston College,4,4,0,0,NA,400994900,2017-11-12,NA
2,1,9:44,2384,2384,Sydney Lowery Defensive Rebound.,0,0,0,21,0.5,Dartmouth,Boston College,4,4,0,0,NA,400994900,2017-11-12,
3,1,9:23,2363,2363,Taylor Ortlepp missed Three Point Jumper.,0,0,0,0,0.5,Dartmouth,Boston College,4,4,0,0,NA,400994900,2017-11-12,
4,1,9:23,2363,2363,Kate Letkewicz Defensive Rebound.,0,0,0,25,0.5,Dartmouth,Boston College,4,4,0,0,NA,400994900,2017-11-12,
5,1,8:58,2338,2338,Emily Slagle made Three Point Jumper. Assisted by Andi Norman.,3,0,3,17,0.5677942937744409,Dartmouth,Boston College,4,4,0,0,NA,400994900,2017-11-12,Dartmouth
6,1,8:41,2321,2321,Taylor Ortlepp made Layup.,3,2,1,17,0.5229096589972142,Dartmouth,Boston College,4,4,0,0,NA,400994900,2017-11-12,Boston College
7,1,8:24,2304,2304,Isalys Quinones missed Jumper.,3,2,1,0,0.5230985195738199,Dartmouth,Boston College,4,4,0,0,NA,400994900,2017-11-12,
8,1,8:24,2304,2304,Boston College Defensive Rebound.,3,2,1,8,0.5230985195738199,Dartmouth,Boston College,4,4,0,0,NA,400994900,2017-11-12,
9,1,8:16,2296,2296,Andie Anastos made Jumper.,3,4,-1,13,0.4768120643580826,Dartmouth,Boston College,4,4,0,0,NA,400994900,2017-11-12,Boston College
10,1,8:03,2283,2283,Taylor Ortlepp missed Jumper.,3,4,-1,0,0.4766660710166698,Dartmouth,Boston College,4,4,0,0,NA,400994900,2017-11-12,
11,1,8:03,2283,2283,Kate Letkewicz Defensive Rebound.,3,4,-1,27,0.4766660710166698,Dartmouth,Boston College,4,4,0,0,NA,400994900,2017-11-12,
12,1,7:36,2256,2256,Cy Lippold made Layup.,5,4,1,16,0.523639656798127,Dartmouth,Boston College,4,4,0,0,NA,400994900,2017-11-12,Dartmouth
13,1,7:20,2240,2240,Taylor Ortlepp missed Jumper.,5,4,1,0,0.5238222592059711,Dartmouth,Boston College,4,4,0,0,NA,400994900,2017-11-12,
14,1,7:20,2240,2240,Isalys Quinones Defensive Rebound.,5,4,1,8,0.5238222592059711,Dartmouth,Boston College,4,4,0,0,NA,400994900,2017-11-12,
15,1,7:12,2232,2232,Kate Letkewicz made Three Point Jumper. Assisted by Emily Slagle.,8,4,4,21,0.5945759284567792,Dartmouth,Boston College,4,4,0,0,NA,400994900,2017-11-12,Dartmouth
16,1,6:51,2211,2211,Sydney Lowery missed Three Point Jumper.,8,4,4,0,0.5955096062437427,Dartmouth,Boston College,4,4,0,0,NA,400994900,2017-11-12,
17,1,6:51,2211,2211,Boston College Offensive Rebound.,8,4,4,20,0.5955096062437427,Dartmouth,Boston College,4,4,0,0,NA,400994900,2017-11-12,
18,1,6:31,2191,2191,Sydney Lowery made Layup.,8,6,2,15,0.5486578785179698,Dartmouth,Boston College,4,4,0,0,NA,400994900,2017-11-12,Boston College
19,1,6:16,2176,2176,Emily Slagle missed Jumper.,8,6,2,0,0.5490035742376568,Dartmouth,Boston College,4,4,0,0,NA,400994900,2017-11-12,
20,1,6:16,2176,2176,Georgia Pineau Defensive Rebound.,8,6,2,21,0.5490035742376568,Dartmouth,Boston College,4,4,0,0,NA,400994900,2017-11-12,
21,1,5:55,2155,2155,Milan Bolden-Morris missed Three Point Jumper.,8,6,2,0,0.5494893923142233,Dartmouth,Boston College,4,4,0,0,NA,400994900,2017-11-12,
22,1,5:55,2155,2155,Andi Norman Defensive Rebound.,8,6,2,11,0.5494893923142233,Dartmouth,Boston College,4,4,0,0,NA,400994900,2017-11-12,
23,1,5:44,2144,2144,Andi Norman missed Three Point Jumper.,8,6,2,0,0.549745172445259,Dartmouth,Boston College,4,4,0,0,NA,400994900,2017-11-12,
24,1,5:44,2144,2144,Andie Anastos Defensive Rebound.,8,6,2,15,0.549745172445259,Dartmouth,Boston College,4,4,0,0,NA,400994900,2017-11-12,
25,1,5:29,2129,2129,Georgia Pineau Turnover.,8,6,2,0,0.5500955489304163,Dartmouth,Boston College,4,4,0,0,NA,400994900,2017-11-12,
26,1,5:29,2129,2129,Isalys Quinones Steal.,8,6,2,11,0.5500955489304163,Dartmouth,Boston College,4,4,0,0,NA,400994900,2017-11-12,
27,1,5:18,2118,2118,Emily Slagle Turnover.,8,6,2,17,0.550353713567204,Dartmouth,Boston College,4,4,0,0,NA,400994900,2017-11-12,
28,1,5:01,2101,2101,Georgia Pineau missed Three Point Jumper.,8,6,2,0,0.5507548434398758,Dartmouth,Boston College,4,4,0,0,NA,400994900,2017-11-12,
29,1,5:01,2101,2101,Andi Norman Defensive Rebound.,8,6,2,9,0.5507548434398758,Dartmouth,Boston College,4,4,0,0,NA,400994900,2017-11-12,
30,1,4:52,2092,2092,Emily Slagle made Jumper.,10,6,4,18,0.6008882838211239,Dartmouth,Boston College,4,4,0,0,NA,400994900,2017-11-12,Dartmouth
31,1,4:34,2074,2074,Andie Anastos missed Jumper.,10,6,4,0,0.6017204500305293,Dartmouth,Boston College,4,4,0,0,NA,400994900,2017-11-12,
32,1,4:34,2074,2074,Isalys Quinones Defensive Rebound.,10,6,4,12,0.6017204500305293,Dartmouth,Boston College,4,4,0,0,NA,400994900,2017-11-12,
33,1,4:22,2062,2062,Kate Letkewicz made Three Point Jumper. Assisted by Andi Norman.,13,6,7,7,0.6739696562878642,Dartmouth,Boston College,4,4,0,0,NA,400994900,2017-11-12,Dartmouth
34,1,4:15,2055,2055,Boston College  Timeout,13,6,7,22,0.6744942615159314,Dartmouth,Boston College,4,3,0,1,NA,400994900,2017-11-12,
35,1,3:53,2033,2033,Katie Quandt missed Jumper.,13,6,7,0,0.6761515238282088,Dartmouth,Boston College,4,3,0,1,NA,400994900,2017-11-12,
36,1,3:53,2033,2033,Katie Quandt Offensive Rebound.,13,6,7,4,0.6761515238282088,Dartmouth,Boston College,4,3,0,1,NA,400994900,2017-11-12,
37,1,3:49,2029,2029,Katie Quandt missed Jumper.,13,6,7,0,0.6764542814412748,Dartmouth,Boston College,4,3,0,1,NA,400994900,2017-11-12,
38,1,3:49,2029,2029,Isalys Quinones Block.,13,6,7,2,0.6764542814412748,Dartmouth,Boston College,4,3,0,1,NA,400994900,2017-11-12,
39,1,3:47,2027,2027,Isalys Quinones Defensive Rebound.,13,6,7,15,0.6766058310512645,Dartmouth,Boston College,4,3,0,1,NA,400994900,2017-11-12,
40,1,3:32,2012,2012,Emily Slagle missed Three Point Jumper.,13,6,7,0,0.6777461613446242,Dartmouth,Boston College,4,3,0,1,NA,400994900,2017-11-12,
41,1,3:32,2012,2012,Georgia Pineau Defensive Rebound.,13,6,7,14,0.6777461613446242,Dartmouth,Boston College,4,3,0,1,NA,400994900,2017-11-12,
42,1,3:18,1998,1998,Sydney Lowery missed Three Point Jumper.,13,6,7,0,0.6788165573156661,Dartmouth,Boston College,4,3,0,1,NA,400994900,2017-11-12,
43,1,3:18,1998,1998,Kate Letkewicz Defensive Rebound.,13,6,7,14,0.6788165573156661,Dartmouth,Boston College,4,3,0,1,NA,400994900,2017-11-12,
44,1,3:04,1984,1984,Isalys Quinones Turnover.,13,6,7,40,0.6798930748787844,Dartmouth,Boston College,4,3,0,0,NA,400994900,2017-11-12,
45,1,2:24,1944,1944,Technical Foul on Katie Quandt.,13,6,7,0,0.6830046601478881,Dartmouth,Boston College,4,3,0,0,NA,400994900,2017-11-12,
46,1,2:24,1944,1944,Olivia Smith missed Free Throw.,13,6,7,0,0.6830046601478881,Dartmouth,Boston College,4,3,0,0,NA,400994900,2017-11-12,
47,1,2:24,1944,1944,Olivia Smith made Free Throw.,14,6,8,0,0.7062569753194968,Dartmouth,Boston College,4,3,0,0,NA,400994900,2017-11-12,Dartmouth
48,1,2:24,1944,1944,Dartmouth Deadball Team Rebound.,13,6,7,12,0.6830046601478881,Dartmouth,Boston College,4,3,0,0,NA,400994900,2017-11-12,
49,1,2:12,1932,1932,Taylor Ortlepp made Layup.,14,8,6,26,0.6596415323605215,Dartmouth,Boston College,4,3,0,0,NA,400994900,2017-11-12,Dartmouth
50,1,1:46,1906,1906,Anna Luce missed Jumper.,14,8,6,0,0.6614648825873733,Dartmouth,Boston College,4,3,0,0,NA,400994900,2017-11-12,
51,1,1:46,1906,1906,Martina Mosetti Defensive Rebound.,14,8,6,16,0.6614648825873733,Dartmouth,Boston College,4,3,0,0,NA,400994900,2017-11-12,
52,1,1:30,1890,1890,Sydney Lowery missed Three Point Jumper.,14,8,6,0,0.6625828196468471,Dartmouth,Boston College,4,3,0,0,NA,400994900,2017-11-12,
53,1,1:30,1890,1890,Anna Luce Defensive Rebound.,14,8,6,21,0.6625828196468471,Dartmouth,Boston College,4,3,0,0,NA,400994900,2017-11-12,
54,1,1:09,1869,1869,Olivia Smith made Layup.,16,8,8,25,0.7126969685093207,Dartmouth,Boston College,4,3,0,0,NA,400994900,2017-11-12,Dartmouth
55,1,0:44,1844,1844,Martina Mosetti made Jumper.,16,10,6,33,0.6657964643446584,Dartmouth,Boston College,4,3,0,0,NA,400994900,2017-11-12,Boston College
56,1,0:11,1811,1811,Anna Luce missed Jumper.,16,10,6,0,0.6681184501918525,Dartmouth,Boston College,4,3,0,0,NA,400994900,2017-11-12,
57,1,0:11,1811,1811,Martina Mosetti Defensive Rebound.,16,10,6,9,0.6681184501918525,Dartmouth,Boston College,4,3,0,0,NA,400994900,2017-11-12,
58,1,0:02,1802,1802,Taylor Ortlepp missed Three Point Jumper.,16,10,6,0,0.6687563666720667,Dartmouth,Boston College,4,3,0,0,NA,400994900,2017-11-12,
59,1,0:02,1802,1802,Boston College Deadball Team Rebound.,16,10,6,2,0.6687563666720667,Dartmouth,Boston College,4,3,0,0,NA,400994900,2017-11-12,
60,1,0:00,1800,1800,End of 1st Quarter,16,8,8,15,0.7186165494009514,Dartmouth,Boston College,4,3,0,0,NA,400994900,2017-11-12,
61,2,9:45,1785,1785,Technical Foul on Milan Bolden-Morris.,16,10,6,9,0.6699684963707703,Dartmouth,Boston College,4,4,0,0,NA,400994900,2017-11-12,Boston College
62,2,9:36,1776,1776,Kate Letkewicz made Jumper.,18,10,8,0,0.7207036329480039,Dartmouth,Boston College,4,4,0,0,NA,400994900,2017-11-12,Dartmouth
63,2,9:36,1776,1776,Taylor Ortlepp made Jumper.,18,12,6,0,0.6706145539089008,Dartmouth,Boston College,4,4,0,0,NA,400994900,2017-11-12,Boston College
64,2,9:36,1776,1776,Kate Letkewicz missed Three Point Jumper.,18,12,6,0,0.6706145539089008,Dartmouth,Boston College,4,4,0,0,NA,400994900,2017-11-12,
65,2,9:36,1776,1776,Boston College Defensive Rebound.,18,12,6,58,0.6706145539089008,Dartmouth,Boston College,4,4,0,0,NA,400994900,2017-11-12,
66,2,8:38,1718,1718,Technical Foul on Olivia Smith.,18,12,6,0,0.6748715076123989,Dartmouth,Boston College,4,4,0,0,NA,400994900,2017-11-12,
67,2,8:38,1718,1718,Georgia Pineau missed Free Throw.,18,12,6,0,0.6748715076123989,Dartmouth,Boston College,4,4,0,0,NA,400994900,2017-11-12,
68,2,8:38,1718,1718,Georgia Pineau missed Free Throw.,18,12,6,0,0.6748715076123989,Dartmouth,Boston College,4,4,0,0,NA,400994900,2017-11-12,
69,2,8:38,1718,1718,Olivia Smith Defensive Rebound.,18,12,6,0,0.6748715076123989,Dartmouth,Boston College,4,4,0,0,NA,400994900,2017-11-12,
70,2,8:38,1718,1718,Boston College Deadball Team Rebound.,18,12,6,16,0.6748715076123989,Dartmouth,Boston College,4,4,0,0,NA,400994900,2017-11-12,
71,2,8:22,1702,1702,Olivia Smith made Jumper.,20,12,8,18,0.7273245414558405,Dartmouth,Boston College,4,4,0,0,NA,400994900,2017-11-12,Dartmouth
72,2,8:04,1684,1684,Sydney Lowery Turnover.,20,12,8,3,0.7289872775463692,Dartmouth,Boston College,4,4,0,0,NA,400994900,2017-11-12,
73,2,8:01,1681,1681,Kate Letkewicz Steal.,20,12,8,3,0.7292621626952702,Dartmouth,Boston College,4,4,0,0,NA,400994900,2017-11-12,
74,2,7:58,1678,1678,Kate Letkewicz missed Three Point Jumper.,20,12,8,0,0.7295356521497544,Dartmouth,Boston College,4,4,0,0,NA,400994900,2017-11-12,
75,2,7:58,1678,1678,Georgia Pineau Defensive Rebound.,20,12,8,10,0.7295356521497544,Dartmouth,Boston College,4,4,0,0,NA,400994900,2017-11-12,
76,2,7:48,1668,1668,Taylor Ortlepp Turnover.,20,12,8,16,0.7304378344618927,Dartmouth,Boston College,4,4,0,0,NA,400994900,2017-11-12,
77,2,7:32,1652,1652,Cy Lippold made Three Point Jumper. Assisted by Anna Luce.,23,12,11,27,0.7990830161525095,Dartmouth,Boston College,4,4,0,0,NA,400994900,2017-11-12,Dartmouth
78,2,7:05,1625,1625,Sydney Lowery missed Three Point Jumper.,23,12,11,0,0.8017041324419769,Dartmouth,Boston College,4,4,0,0,NA,400994900,2017-11-12,
79,2,7:05,1625,1625,Taylor Ortlepp Offensive Rebound.,23,12,11,7,0.8017041324419769,Dartmouth,Boston College,4,4,0,0,NA,400994900,2017-11-12,
80,2,6:58,1618,1618,Taylor Ortlepp made Jumper.,23,14,9,9,0.7588581625143269,Dartmouth,Boston College,4,4,0,0,NA,400994900,2017-11-12,Boston College
81,2,6:49,1609,1609,Isalys Quinones missed Layup.,23,14,9,0,0.7596662356937083,Dartmouth,Boston College,4,4,0,0,NA,400994900,2017-11-12,
82,2,6:49,1609,1609,Taylor Ortlepp Defensive Rebound.,23,14,9,7,0.7596662356937083,Dartmouth,Boston College,4,4,0,0,NA,400994900,2017-11-12,
83,2,6:42,1602,1602,Sydney Lowery missed Jumper.,23,14,9,0,0.7602927918350558,Dartmouth,Boston College,4,4,0,0,NA,400994900,2017-11-12,
84,2,6:42,1602,1602,Isalys Quinones Defensive Rebound.,23,14,9,3,0.7602927918350558,Dartmouth,Boston College,4,4,0,0,NA,400994900,2017-11-12,
85,2,6:39,1599,1599,Isalys Quinones Turnover.,23,14,9,0,0.7605609672367037,Dartmouth,Boston College,4,4,0,0,NA,400994900,2017-11-12,
86,2,6:39,1599,1599,Technical Foul on Isalys Quinones.,23,14,9,17,0.7605609672367037,Dartmouth,Boston College,4,4,0,0,NA,400994900,2017-11-12,
87,2,6:22,1582,1582,Georgia Pineau missed Jumper.,23,14,9,0,0.762079427261186,Dartmouth,Boston College,4,4,0,0,NA,400994900,2017-11-12,
88,2,6:22,1582,1582,Isalys Quinones Defensive Rebound.,23,14,9,21,0.762079427261186,Dartmouth,Boston College,4,4,0,0,NA,400994900,2017-11-12,
89,2,6:01,1561,1561,Cy Lippold missed Jumper.,23,14,9,0,0.7639620369975932,Dartmouth,Boston College,4,4,0,0,NA,400994900,2017-11-12,
90,2,6:01,1561,1561,Georgia Pineau Block.,23,14,9,3,0.7639620369975932,Dartmouth,Boston College,4,4,0,0,NA,400994900,2017-11-12,
91,2,5:58,1558,1558,Milan Bolden-Morris Defensive Rebound.,23,14,9,14,0.7642324641264614,Dartmouth,Boston College,4,4,0,0,NA,400994900,2017-11-12,
92,2,5:44,1544,1544,Andie Anastos missed Layup.,23,14,9,0,0.7655019649448264,Dartmouth,Boston College,4,4,0,0,NA,400994900,2017-11-12,
93,2,5:44,1544,1544,Kate Letkewicz Defensive Rebound.,23,14,9,6,0.7655019649448264,Dartmouth,Boston College,4,4,0,0,NA,400994900,2017-11-12,
94,2,5:38,1538,1538,Cy Lippold Turnover.,23,14,9,2,0.7660506073445403,Dartmouth,Boston College,4,4,0,0,NA,400994900,2017-11-12,
95,2,5:36,1536,1536,Sydney Lowery made Layup.,23,16,7,14,0.7157248014307681,Dartmouth,Boston College,4,4,0,0,NA,400994900,2017-11-12,Boston College
96,2,5:22,1522,1522,Technical Foul on Sydney Lowery.,23,16,7,0,0.7168709916760722,Dartmouth,Boston College,4,4,0,0,NA,400994900,2017-11-12,
97,2,5:22,1522,1522,Isalys Quinones missed Free Throw.,23,16,7,0,0.7168709916760722,Dartmouth,Boston College,4,4,0,0,NA,400994900,2017-11-12,
98,2,5:22,1522,1522,Isalys Quinones made Free Throw.,24,16,8,0,0.7430165366776651,Dartmouth,Boston College,4,4,0,0,NA,400994900,2017-11-12,Dartmouth
99,2,5:22,1522,1522,Dartmouth Deadball Team Rebound.,23,16,7,12,0.7168709916760722,Dartmouth,Boston College,4,4,0,0,NA,400994900,2017-11-12,
100,2,5:10,1510,1510,Milan Bolden-Morris missed Jumper.,24,16,8,0,0.7440911961717152,Dartmouth,Boston College,4,4,0,0,NA,400994900,2017-11-12,Dartmouth
101,2,5:10,1510,1510,Emily Slagle Defensive Rebound.,24,16,8,9,0.7440911961717152,Dartmouth,Boston College,4,4,0,0,NA,400994900,2017-11-12,
102,2,5:01,1501,1501,Andi Norman made Three Point Jumper. Assisted by Cy Lippold.,27,16,11,14,0.8135908316859711,Dartmouth,Boston College,4,4,0,0,NA,400994900,2017-11-12,Dartmouth
103,2,4:47,1487,1487,Taylor Ortlepp missed Three Point Jumper.,27,16,11,0,0.8150134278585659,Dartmouth,Boston College,4,4,0,0,NA,400994900,2017-11-12,
104,2,4:47,1487,1487,Dartmouth Defensive Rebound.,27,16,11,130,0.8150134278585659,Dartmouth,Boston College,4,4,0,0,NA,400994900,2017-11-12,
105,2,2:37,1357,1357,Sydney Lowery missed Three Point Jumper.,29,16,13,150,0.8652620993652906,Dartmouth,Boston College,4,4,0,0,NA,400994900,2017-11-12,Dartmouth
106,2,0:07,1207,1207,Olivia Smith Turnover.,32,16,16,0,0.9211557674450856,Dartmouth,Boston College,4,4,0,0,NA,400994900,2017-11-12,Dartmouth
