play_id,period,time_remaining_period,secs_remaining,secs_remaining_absolute,description,home_score,away_score,score_diff,play_length,win_prob,home,away,home_time_out_remaining,away_time_out_remaining,home_timeout_ind,away_timeout_ind,home_favored_by,game_id,date,whichScored
1,1,9:02,2342,2342,Bree Glover Steal.,0,0,0,10,0.5,Ole Miss,Georgia,4,4,0,0,NA,400987732,2018-02-19,NA
2,1,8:52,2332,2332,Shelby Gibson Offensive Rebound.,2,2,0,16,0.5,Ole Miss,Georgia,4,4,0,0,NA,400987732,2018-02-19,Ole Miss
3,1,8:36,2316,2316,Caliya Robinson Defensive Rebound.,2,2,0,6,0.5,Ole Miss,Georgia,4,4,0,0,NA,400987732,2018-02-19,
4,1,8:30,2310,2310,Alissa Alston Defensive Rebound.,2,2,0,10,0.5,Ole Miss,Georgia,4,4,0,0,NA,400987732,2018-02-19,
5,1,8:20,2300,2300,Mackenzie Engram Defensive Rebound.,2,2,0,12,0.5,Ole Miss,Georgia,4,4,0,0,NA,400987732,2018-02-19,
6,1,8:08,2288,2288,Shelby Gibson Defensive Rebound.,2,2,0,49,0.5,Ole Miss,Georgia,4,4,0,0,NA,400987732,2018-02-19,
7,1,7:19,2239,2239,Mackenzie Engram Defensive Rebound.,5,4,1,31,0.5238337039162567,Ole Miss,Georgia,4,4,0,0,NA,400987732,2018-02-19,Ole Miss
8,1,6:48,2208,2208,Que Morrison Defensive Rebound.,5,6,-1,8,0.47580984828110745,Ole Miss,Georgia,4,4,0,0,NA,400987732,2018-02-19,Georgia
9,1,6:40,2200,2200,Caliya Robinson Offensive Rebound.,5,6,-1,6,0.4757173938657539,Ole Miss,Georgia,4,4,0,0,NA,400987732,2018-02-19,
10,1,6:34,2194,2194,Haley Clark Offensive Rebound.,5,6,-1,79,0.4756479436731543,Ole Miss,Georgia,4,4,0,0,NA,400987732,2018-02-19,
11,1,5:15,2115,2115,Promise Taylor Offensive Rebound.,5,10,-5,18,0.3761403565798521,Ole Miss,Georgia,4,4,0,0,NA,400987732,2018-02-19,Georgia
12,1,4:57,2097,2097,Chyna Nixon Offensive Rebound.,5,10,-5,3,0.37513251853871027,Ole Miss,Georgia,4,4,0,0,NA,400987732,2018-02-19,
13,1,4:54,2094,2094,Chyna Nixon Offensive Rebound.,5,10,-5,9,0.3749639249801311,Ole Miss,Georgia,4,4,0,0,NA,400987732,2018-02-19,
14,1,4:45,2085,2085,Caliya Robinson Defensive Rebound.,5,10,-5,8,0.3744570400762669,Ole Miss,Georgia,4,4,0,0,NA,400987732,2018-02-19,
15,1,4:37,2077,2077,Madinah Muhammad Defensive Rebound.,5,10,-5,9,0.3740050513742312,Ole Miss,Georgia,4,4,0,0,NA,400987732,2018-02-19,
16,1,4:28,2068,2068,Madinah Muhammad made Free Throw.,8,10,-2,10,0.44845848361241913,Ole Miss,Georgia,4,4,0,0,NA,400987732,2018-02-19,Ole Miss
17,1,4:18,2058,2058,Promise Taylor Steal.,8,10,-2,6,0.44821786654308704,Ole Miss,Georgia,4,4,0,0,NA,400987732,2018-02-19,
18,1,4:12,2052,2052,Mackenzie Engram Steal.,8,10,-2,109,0.44807297189182055,Ole Miss,Georgia,4,4,0,0,NA,400987732,2018-02-19,
19,1,2:23,1943,1943,Alissa Alston Defensive Rebound.,12,15,-3,13,0.41845157063326655,Ole Miss,Georgia,4,4,0,0,NA,400987732,2018-02-19,Ole Miss
20,1,2:10,1930,1930,Gabby Connally Steal.,12,15,-3,3,0.4179579881739418,Ole Miss,Georgia,4,4,0,0,NA,400987732,2018-02-19,
21,1,2:07,1927,1927,Promise Taylor Defensive Rebound.,12,15,-3,5,0.41784369795441484,Ole Miss,Georgia,4,4,0,0,NA,400987732,2018-02-19,
22,1,2:02,1922,1922,Que Morrison Defensive Rebound.,12,15,-3,12,0.41765337011253256,Ole Miss,Georgia,4,4,0,0,NA,400987732,2018-02-19,
23,1,1:50,1910,1910,Mackenzie Engram Offensive Rebound.,12,15,-3,4,0.41719722350695226,Ole Miss,Georgia,4,4,0,0,NA,400987732,2018-02-19,
24,1,1:46,1906,1906,Promise Taylor Defensive Rebound.,12,15,-3,13,0.41704532457526233,Ole Miss,Georgia,4,4,0,0,NA,400987732,2018-02-19,
25,1,1:33,1893,1893,Stephanie Paul Defensive Rebound.,12,15,-3,13,0.4165519282162206,Ole Miss,Georgia,4,4,0,0,NA,400987732,2018-02-19,
26,1,1:20,1880,1880,Mackenzie Engram Offensive Rebound.,12,15,-3,12,0.41605856931960766,Ole Miss,Georgia,4,4,0,0,NA,400987732,2018-02-19,
27,1,1:08,1868,1868,Shelby Gibson Defensive Rebound.,12,15,-3,41,0.4156027638080216,Ole Miss,Georgia,4,4,0,0,NA,400987732,2018-02-19,
28,1,0:27,1827,1827,Madinah Muhammad Steal.,12,15,-3,23,0.41403714544445563,Ole Miss,Georgia,4,4,0,0,NA,400987732,2018-02-19,
29,1,0:04,1804,1804,Caliya Robinson Steal.,12,15,-3,4,0.4131490550620406,Ole Miss,Georgia,4,4,0,0,NA,400987732,2018-02-19,
30,1,0:00,1800,1800,End of 1st Quarter,12,15,-3,33,0.4129936088523014,Ole Miss,Georgia,4,4,0,0,NA,400987732,2018-02-19,
31,2,9:27,1767,1767,Caliya Robinson Steal.,12,18,-6,3,0.3287360091183654,Ole Miss,Georgia,4,4,0,0,NA,400987732,2018-02-19,Georgia
32,2,9:24,1764,1764,Caliya Robinson made Free Throw.,12,19,-7,0,0.30279130403598936,Ole Miss,Georgia,4,4,0,0,NA,400987732,2018-02-19,Georgia
33,2,9:24,1764,1764,Caliya Robinson made Free Throw.,12,20,-8,18,0.2782438010813117,Ole Miss,Georgia,4,4,0,0,NA,400987732,2018-02-19,Georgia
34,2,9:06,1746,1746,Bianca Blanaru Defensive Rebound.,12,20,-8,28,0.27665142766104484,Ole Miss,Georgia,4,4,0,0,NA,400987732,2018-02-19,
35,2,8:38,1718,1718,Bianca Blanaru Steal.,12,20,-8,47,0.2741365050543845,Ole Miss,Georgia,4,4,0,0,NA,400987732,2018-02-19,
36,2,7:51,1671,1671,Shelby Gibson missed Free Throw.,12,20,-8,0,0.2698313573336644,Ole Miss,Georgia,4,4,0,0,NA,400987732,2018-02-19,
37,2,7:51,1671,1671,Ole Miss Deadball Team Rebound.,12,20,-8,0,0.2698313573336644,Ole Miss,Georgia,4,4,0,0,NA,400987732,2018-02-19,
38,2,7:51,1671,1671,Shelby Gibson made Free Throw.,13,20,-7,17,0.2950372036145536,Ole Miss,Georgia,4,4,0,0,NA,400987732,2018-02-19,Ole Miss
39,2,7:34,1654,1654,Kate Rodgers Defensive Rebound.,13,20,-7,36,0.29364134084939264,Ole Miss,Georgia,4,4,0,0,NA,400987732,2018-02-19,
40,2,6:58,1618,1618,Ole Miss Deadball Team Rebound.,13,20,-7,16,0.29076584265079397,Ole Miss,Georgia,4,4,0,0,NA,400987732,2018-02-19,
41,2,6:42,1602,1602,Mackenzie Engram Defensive Rebound.,13,20,-7,38,0.2895074291674487,Ole Miss,Georgia,4,4,0,0,NA,400987732,2018-02-19,
42,2,6:04,1564,1564,Promise Taylor Defensive Rebound.,13,22,-9,52,0.2363079255352969,Ole Miss,Georgia,4,4,0,0,NA,400987732,2018-02-19,Georgia
43,2,5:12,1512,1512,Que Morrison Steal.,13,24,-11,74,0.1875066238193415,Ole Miss,Georgia,4,4,0,0,NA,400987732,2018-02-19,Georgia
44,2,3:58,1438,1438,Bree Glover Defensive Rebound.,15,26,-11,47,0.17975835892576048,Ole Miss,Georgia,4,4,0,0,NA,400987732,2018-02-19,Ole Miss
45,2,3:11,1391,1391,Mackenzie Engram Steal.,17,28,-11,34,0.17498623025119783,Ole Miss,Georgia,4,4,0,0,NA,400987732,2018-02-19,Ole Miss
46,2,2:37,1357,1357,Mackenzie Engram Steal.,17,30,-13,2,0.1347379006347094,Ole Miss,Georgia,4,4,0,0,NA,400987732,2018-02-19,Georgia
47,2,2:35,1355,1355,Barbara Johnson Defensive Rebound.,17,30,-13,6,0.13455217477934037,Ole Miss,Georgia,4,4,0,0,NA,400987732,2018-02-19,
48,2,2:29,1349,1349,Barbara Johnson missed Free Throw.,17,30,-13,0,0.13399514271345467,Ole Miss,Georgia,4,4,0,0,NA,400987732,2018-02-19,
49,2,2:29,1349,1349,Ole Miss Deadball Team Rebound.,17,30,-13,0,0.13399514271345467,Ole Miss,Georgia,4,4,0,0,NA,400987732,2018-02-19,
50,2,2:29,1349,1349,Barbara Johnson made Free Throw.,18,30,-12,36,0.15154405143434307,Ole Miss,Georgia,4,4,0,0,NA,400987732,2018-02-19,Ole Miss
51,2,1:53,1313,1313,Caliya Robinson Defensive Rebound.,18,30,-12,40,0.1480936176217521,Ole Miss,Georgia,4,4,0,0,NA,400987732,2018-02-19,
52,2,1:13,1273,1273,Mackenzie Engram Defensive Rebound.,18,33,-15,42,0.09732780149701194,Ole Miss,Georgia,4,4,0,0,NA,400987732,2018-02-19,Georgia
53,2,0:31,1231,1231,Promise Taylor Offensive Rebound.,18,35,-17,6,0.07058482100618771,Ole Miss,Georgia,4,4,0,0,NA,400987732,2018-02-19,Georgia
54,2,0:25,1225,1225,Mackenzie Engram Steal.,18,35,-17,22,0.07004530506829731,Ole Miss,Georgia,4,4,0,0,NA,400987732,2018-02-19,
55,2,0:03,1203,1203,Cecilia Muhate Pena Offensive Rebound.,18,35,-17,3,0.06801484213052039,Ole Miss,Georgia,4,4,0,0,NA,400987732,2018-02-19,
56,2,0:00,1200,1200,End of 2nd Quarter,18,35,-17,13,0.06774155401675269,Ole Miss,Georgia,4,4,0,0,NA,400987732,2018-02-19,
57,3,9:47,1187,1187,Mackenzie Engram Defensive Rebound.,18,35,-17,31,0.0665864877436457,Ole Miss,Georgia,5,5,0,0,NA,400987732,2018-02-19,
58,3,9:16,1156,1156,Bree Glover made Free Throw.,19,37,-18,0,0.0551595457227587,Ole Miss,Georgia,5,5,0,0,NA,400987732,2018-02-19,Ole Miss
59,3,9:16,1156,1156,Bree Glover missed Free Throw.,19,37,-18,0,0.0551595457227587,Ole Miss,Georgia,5,5,0,0,NA,400987732,2018-02-19,
60,3,9:16,1156,1156,Chyna Nixon Offensive Rebound.,19,37,-18,28,0.0551595457227587,Ole Miss,Georgia,5,5,0,0,NA,400987732,2018-02-19,
61,3,8:48,1128,1128,Mackenzie Engram Offensive Rebound.,21,37,-16,7,0.07171055790114061,Ole Miss,Georgia,5,5,0,0,NA,400987732,2018-02-19,Ole Miss
62,3,8:41,1121,1121,Mackenzie Engram Offensive Rebound.,21,37,-16,23,0.07111973428227453,Ole Miss,Georgia,5,5,0,0,NA,400987732,2018-02-19,
63,3,8:18,1098,1098,Mackenzie Engram Offensive Rebound.,21,37,-16,3,0.06918778170960281,Ole Miss,Georgia,5,5,0,0,NA,400987732,2018-02-19,
64,3,8:15,1095,1095,Alissa Alston Defensive Rebound.,21,37,-16,8,0.06893569511968013,Ole Miss,Georgia,5,5,0,0,NA,400987732,2018-02-19,
65,3,8:07,1087,1087,Bree Glover Offensive Rebound.,21,37,-16,4,0.0682620900199826,Ole Miss,Georgia,5,5,0,0,NA,400987732,2018-02-19,
66,3,8:03,1083,1083,Bree Glover made Free Throw.,22,37,-15,0,0.07904948818194354,Ole Miss,Georgia,5,5,0,0,NA,400987732,2018-02-19,Ole Miss
67,3,8:03,1083,1083,Bree Glover made Free Throw.,23,37,-14,18,0.09181741993305108,Ole Miss,Georgia,5,5,0,0,NA,400987732,2018-02-19,Ole Miss
68,3,7:45,1065,1065,Shelby Gibson Defensive Rebound.,23,37,-14,12,0.09004689559035037,Ole Miss,Georgia,5,5,0,0,NA,400987732,2018-02-19,
69,3,7:33,1053,1053,Que Morrison Defensive Rebound.,23,37,-14,9,0.08884383394604212,Ole Miss,Georgia,5,5,0,0,NA,400987732,2018-02-19,
70,3,7:24,1044,1044,Shelby Gibson Steal.,23,37,-14,5,0.0879265790440655,Ole Miss,Georgia,5,5,0,0,NA,400987732,2018-02-19,
71,3,7:19,1039,1039,Que Morrison Defensive Rebound.,23,37,-14,39,0.08741074816284282,Ole Miss,Georgia,5,5,0,0,NA,400987732,2018-02-19,
72,3,6:40,1000,1000,Que Morrison Offensive Rebound.,25,39,-14,3,0.08320249280364068,Ole Miss,Georgia,5,5,0,0,NA,400987732,2018-02-19,Ole Miss
73,3,6:37,997,997,Que Morrison made Free Throw.,25,40,-15,0,0.07071338623653463,Ole Miss,Georgia,5,5,0,0,NA,400987732,2018-02-19,Georgia
74,3,6:37,997,997,Que Morrison made Free Throw.,25,41,-16,27,0.06022793178709153,Ole Miss,Georgia,5,5,0,0,NA,400987732,2018-02-19,Georgia
75,3,6:10,970,970,Promise Taylor Block.,27,41,-14,2,0.07969730506672343,Ole Miss,Georgia,5,5,0,0,NA,400987732,2018-02-19,Ole Miss
76,3,6:08,968,968,Promise Taylor Defensive Rebound.,27,41,-14,3,0.0794566155676562,Ole Miss,Georgia,5,5,0,0,NA,400987732,2018-02-19,
77,3,6:05,965,965,Kate Rodgers Offensive Rebound.,27,41,-14,7,0.07910207424207749,Ole Miss,Georgia,5,5,0,0,NA,400987732,2018-02-19,
78,3,5:58,958,958,Kate Rodgers missed Free Throw.,29,41,-12,0,0.10780207389378971,Ole Miss,Georgia,5,5,0,0,NA,400987732,2018-02-19,Ole Miss
79,3,5:58,958,958,Que Morrison Defensive Rebound.,29,41,-12,11,0.10780207389378971,Ole Miss,Georgia,5,5,0,0,NA,400987732,2018-02-19,
80,3,5:47,947,947,Kate Rodgers Defensive Rebound.,29,41,-12,19,0.10645116829667976,Ole Miss,Georgia,5,5,0,0,NA,400987732,2018-02-19,
81,3,5:28,928,928,Madinah Muhammad made Free Throw.,30,41,-11,0,0.12227929574833182,Ole Miss,Georgia,5,5,0,0,NA,400987732,2018-02-19,Ole Miss
82,3,5:28,928,928,Madinah Muhammad made Free Throw.,31,41,-10,12,0.14284764946007913,Ole Miss,Georgia,5,5,0,0,NA,400987732,2018-02-19,Ole Miss
83,3,5:16,916,916,Kate Rodgers Steal.,31,41,-10,14,0.1414788941916668,Ole Miss,Georgia,5,5,0,0,NA,400987732,2018-02-19,
84,3,5:02,902,902,Alissa Alston made Free Throw.,32,41,-9,0,0.1632688744714739,Ole Miss,Georgia,5,5,0,0,NA,400987732,2018-02-19,Ole Miss
85,3,5:02,902,902,Alissa Alston made Free Throw.,33,41,-8,6,0.1896113881166873,Ole Miss,Georgia,5,5,0,0,NA,400987732,2018-02-19,Ole Miss
86,3,4:56,896,896,Alissa Alston Steal.,33,41,-8,20,0.18896113926785443,Ole Miss,Georgia,5,5,0,0,NA,400987732,2018-02-19,
87,3,4:36,876,876,Kate Rodgers Offensive Rebound.,33,41,-8,45,0.1868290136556067,Ole Miss,Georgia,5,5,0,0,NA,400987732,2018-02-19,
88,3,3:51,831,831,Mackenzie Engram Block.,35,41,-6,1,0.24459143569391936,Ole Miss,Georgia,5,5,0,0,NA,400987732,2018-02-19,Ole Miss
89,3,3:50,830,830,Caliya Robinson Defensive Rebound.,35,41,-6,51,0.24448291173008144,Ole Miss,Georgia,5,5,0,0,NA,400987732,2018-02-19,
90,3,2:59,779,779,Kate Rodgers Defensive Rebound.,37,43,-6,5,0.23819097329482172,Ole Miss,Georgia,5,5,0,0,NA,400987732,2018-02-19,Ole Miss
91,3,2:54,774,774,Kate Rodgers made Free Throw.,38,43,-5,0,0.2744512006447145,Ole Miss,Georgia,5,5,0,0,NA,400987732,2018-02-19,Ole Miss
92,3,2:54,774,774,Kate Rodgers made Free Throw.,39,43,-4,13,0.3148106469190655,Ole Miss,Georgia,5,5,0,0,NA,400987732,2018-02-19,Ole Miss
93,3,2:41,761,761,Chyna Nixon Steal.,39,43,-4,8,0.3132411899252468,Ole Miss,Georgia,5,5,0,0,NA,400987732,2018-02-19,
94,3,2:33,753,753,Taja Cole Defensive Rebound.,39,43,-4,9,0.3122081531535719,Ole Miss,Georgia,5,5,0,0,NA,400987732,2018-02-19,
95,3,2:24,744,744,Madinah Muhammad Steal.,39,43,-4,2,0.310979937232499,Ole Miss,Georgia,5,5,0,0,NA,400987732,2018-02-19,
96,3,2:22,742,742,Caliya Robinson Block.,39,43,-4,1,0.31069706891407173,Ole Miss,Georgia,5,5,0,0,NA,400987732,2018-02-19,
97,3,2:21,741,741,Ole Miss Offensive Rebound.,39,43,-4,23,0.3105542434304984,Ole Miss,Georgia,5,5,0,0,NA,400987732,2018-02-19,
98,3,1:58,718,718,Mackenzie Engram Offensive Rebound.,42,43,-1,30,0.4493346628499843,Ole Miss,Georgia,5,5,0,0,NA,400987732,2018-02-19,Ole Miss
99,3,1:28,688,688,Mackenzie Engram Block.,44,45,-1,2,0.44821953181266244,Ole Miss,Georgia,5,5,0,0,NA,400987732,2018-02-19,Ole Miss
100,3,1:26,686,686,Simone Costa Defensive Rebound.,44,45,-1,26,0.44815090702255195,Ole Miss,Georgia,5,5,0,0,NA,400987732,2018-02-19,
101,3,1:00,660,660,Haley Clark Offensive Rebound.,44,45,-1,40,0.44728542487974876,Ole Miss,Georgia,5,5,0,0,NA,400987732,2018-02-19,
102,3,0:20,620,620,Chyna Nixon Offensive Rebound.,44,48,-4,3,0.29541997247320634,Ole Miss,Georgia,5,5,0,0,NA,400987732,2018-02-19,Georgia
103,3,0:17,617,617,Caliya Robinson Defensive Rebound.,44,48,-4,14,0.2950286718655595,Ole Miss,Georgia,5,5,0,0,NA,400987732,2018-02-19,
104,3,0:03,603,603,Caliya Robinson Offensive Rebound.,44,48,-4,3,0.2930950302055189,Ole Miss,Georgia,5,5,0,0,NA,400987732,2018-02-19,
105,3,0:00,600,600,End of 3rd Quarter,44,48,-4,11,0.2926546588354372,Ole Miss,Georgia,5,5,0,0,NA,400987732,2018-02-19,
106,4,9:49,589,589,Caliya Robinson Defensive Rebound.,44,48,-4,27,0.290949004328047,Ole Miss,Georgia,6,6,0,0,NA,400987732,2018-02-19,
107,4,9:22,562,562,Kate Rodgers Defensive Rebound.,44,48,-4,33,0.28603879570681473,Ole Miss,Georgia,6,6,0,0,NA,400987732,2018-02-19,
108,4,8:49,529,529,Simone Costa Offensive Rebound.,44,48,-4,25,0.27926986951545024,Ole Miss,Georgia,6,6,0,0,NA,400987732,2018-02-19,
109,4,8:24,504,504,Gabby Connally Defensive Rebound.,44,50,-6,6,0.18953265392692636,Ole Miss,Georgia,6,6,0,0,NA,400987732,2018-02-19,Georgia
110,4,8:18,498,498,Caliya Robinson Offensive Rebound.,44,50,-6,33,0.18843074720271125,Ole Miss,Georgia,6,6,0,0,NA,400987732,2018-02-19,
111,4,7:45,465,465,Haley Clark Defensive Rebound.,44,53,-9,37,0.09475231953095566,Ole Miss,Georgia,6,6,0,0,NA,400987732,2018-02-19,Georgia
112,4,7:08,428,428,Que Morrison Offensive Rebound.,46,53,-7,43,0.136732985487336,Ole Miss,Georgia,6,6,0,0,NA,400987732,2018-02-19,Ole Miss
113,4,6:25,385,385,Que Morrison Defensive Rebound.,46,55,-9,32,0.07483732676027148,Ole Miss,Georgia,6,6,0,0,NA,400987732,2018-02-19,Georgia
114,4,5:53,353,353,Madinah Muhammad Defensive Rebound.,46,55,-9,12,0.06713329816120067,Ole Miss,Georgia,6,6,0,0,NA,400987732,2018-02-19,
115,4,5:41,341,341,Mackenzie Engram Defensive Rebound.,46,55,-9,103,0.06390716814463063,Ole Miss,Georgia,6,6,0,0,NA,400987732,2018-02-19,
116,4,3:58,238,238,Que Morrison Offensive Rebound.,46,59,-13,14,0.016544207491324094,Ole Miss,Georgia,6,6,0,0,NA,400987732,2018-02-19,Georgia
117,4,3:44,224,224,Simone Costa Offensive Rebound.,46,59,-13,47,0.01611954580997241,Ole Miss,Georgia,6,6,0,0,NA,400987732,2018-02-19,
118,4,2:57,177,177,Promise Taylor Defensive Rebound.,46,61,-15,23,0.0032302472318610997,Ole Miss,Georgia,6,6,0,0,NA,400987732,2018-02-19,Georgia
119,4,2:34,154,154,Madinah Muhammad made Free Throw.,47,61,-14,0,0.0022860526737372134,Ole Miss,Georgia,6,6,0,0,NA,400987732,2018-02-19,Ole Miss
120,4,2:34,154,154,Madinah Muhammad made Free Throw.,48,61,-13,36,0.0035246213104718075,Ole Miss,Georgia,6,6,0,0,NA,400987732,2018-02-19,Ole Miss
121,4,1:58,118,118,Madinah Muhammad made Free Throw.,49,63,-14,0,5.357545928408601e-4,Ole Miss,Georgia,6,6,0,0,NA,400987732,2018-02-19,Ole Miss
122,4,1:58,118,118,Madinah Muhammad made Free Throw.,50,63,-13,19,9.171256155971885e-4,Ole Miss,Georgia,6,6,0,0,NA,400987732,2018-02-19,Ole Miss
123,4,1:39,99,99,Que Morrison made Free Throw.,50,64,-14,0,1.941431395640905e-4,Ole Miss,Georgia,6,6,0,0,NA,400987732,2018-02-19,Georgia
124,4,1:39,99,99,Que Morrison made Free Throw.,50,65,-15,29,1.0544657023525406e-4,Ole Miss,Georgia,6,6,0,0,NA,400987732,2018-02-19,Georgia
125,4,1:10,70,70,Caliya Robinson Offensive Rebound.,52,65,-13,19,6.249843472263477e-5,Ole Miss,Georgia,6,6,0,0,NA,400987732,2018-02-19,Ole Miss
126,4,0:51,51,51,Bree Glover Defensive Rebound.,52,65,-13,10,1.673706588424144e-5,Ole Miss,Georgia,6,6,0,0,NA,400987732,2018-02-19,
127,4,0:41,41,41,Simone Costa Defensive Rebound.,52,65,-13,19,7.888287363509957e-6,Ole Miss,Georgia,6,6,0,0,NA,400987732,2018-02-19,
128,4,0:22,22,22,Mackenzie Engram missed Free Throw.,52,65,-13,0,1.6882344688643834e-6,Ole Miss,Georgia,6,6,0,0,NA,400987732,2018-02-19,
129,4,0:22,22,22,Georgia Deadball Team Rebound.,52,65,-13,0,1.6882344688643834e-6,Ole Miss,Georgia,6,6,0,0,NA,400987732,2018-02-19,
130,4,0:22,22,22,Mackenzie Engram made Free Throw.,52,66,-14,18,6.072809464983009e-7,Ole Miss,Georgia,6,6,0,0,NA,400987732,2018-02-19,Georgia
131,4,0:04,4,4,Que Morrison Defensive Rebound.,52,66,-14,4,1.063698815883996e-7,Ole Miss,Georgia,6,6,0,0,NA,400987732,2018-02-19,
132,4,0:00,0,0,End of Game,52,66,-14,0,2.4977275669152505e-122,Ole Miss,Georgia,6,6,0,0,NA,400987732,2018-02-19,
