play_id,period,time_remaining_period,secs_remaining,secs_remaining_absolute,description,home_score,away_score,score_diff,play_length,win_prob,home,away,home_time_out_remaining,away_time_out_remaining,home_timeout_ind,away_timeout_ind,home_favored_by,game_id,date,whichScored
1,1,9:43,2383,2383,Jessica Lindstrom Defensive Rebound.,0,0,0,59,0.5,Cleveland State,Green Bay,4,4,0,0,NA,400998357,2018-02-15,NA
2,1,8:44,2324,2324,Jessica Lindstrom Offensive Rebound.,0,3,-3,6,0.43175121434183966,Cleveland State,Green Bay,4,4,0,0,NA,400998357,2018-02-15,Green Bay
3,1,8:38,2318,2318,Shadae Bosley Steal.,0,3,-3,3,0.43155541489615606,Cleveland State,Green Bay,4,4,0,0,NA,400998357,2018-02-15,
4,1,8:35,2315,2315,Jessica Lindstrom Defensive Rebound.,0,3,-3,15,0.4314572944590229,Cleveland State,Green Bay,4,4,0,0,NA,400998357,2018-02-15,
5,1,8:20,2300,2300,Ashanti Abshaw Steal.,0,3,-3,27,0.43096457021193246,Cleveland State,Green Bay,4,4,0,0,NA,400998357,2018-02-15,
6,1,7:53,2273,2273,Jessica Lindstrom Offensive Rebound.,2,3,-1,75,0.47655321655577,Cleveland State,Green Bay,4,4,0,0,NA,400998357,2018-02-15,Cleveland State
7,1,6:38,2198,2198,Ashanti Abshaw Steal.,8,7,1,72,0.5243057461322421,Cleveland State,Green Bay,4,4,0,0,NA,400998357,2018-02-15,Cleveland State
8,1,5:26,2126,2126,Ashanti Abshaw Defensive Rebound.,14,10,4,8,0.5993317864634711,Cleveland State,Green Bay,4,4,0,0,NA,400998357,2018-02-15,Cleveland State
9,1,5:18,2118,2118,Karly Murphy Defensive Rebound.,14,10,4,16,0.5996963085804932,Cleveland State,Green Bay,4,4,0,0,NA,400998357,2018-02-15,
10,1,5:02,2102,2102,Allie Leclaire missed Free Throw.,14,10,4,0,0.600428474146825,Cleveland State,Green Bay,4,4,0,0,NA,400998357,2018-02-15,
11,1,5:02,2102,2102,Green Bay Deadball Team Rebound.,14,10,4,0,0.600428474146825,Cleveland State,Green Bay,4,4,0,0,NA,400998357,2018-02-15,
12,1,5:02,2102,2102,Allie Leclaire made Free Throw.,14,11,3,14,0.5757713526635476,Cleveland State,Green Bay,4,4,0,0,NA,400998357,2018-02-15,Green Bay
13,1,4:48,2088,2088,Allie Leclaire Defensive Rebound.,14,11,3,33,0.5762633298081224,Cleveland State,Green Bay,4,4,0,0,NA,400998357,2018-02-15,
14,1,4:15,2055,2055,Madison Wolf Defensive Rebound.,14,11,3,35,0.5774343385405761,Cleveland State,Green Bay,4,4,0,0,NA,400998357,2018-02-15,
15,1,3:40,2020,2020,Khayla Livingston Steal.,14,11,3,4,0.5786953174925399,Cleveland State,Green Bay,4,4,0,0,NA,400998357,2018-02-15,
16,1,3:36,2016,2016,Madison Wolf Defensive Rebound.,14,11,3,11,0.578840765789688,Cleveland State,Green Bay,4,4,0,0,NA,400998357,2018-02-15,
17,1,3:25,2005,2005,Jade Ely Defensive Rebound.,14,11,3,39,0.579242228814988,Cleveland State,Green Bay,4,4,0,0,NA,400998357,2018-02-15,
18,1,2:46,1966,1966,Jessica Lindstrom Offensive Rebound.,16,11,5,4,0.6324254281385384,Cleveland State,Green Bay,4,4,0,0,NA,400998357,2018-02-15,Cleveland State
19,1,2:42,1962,1962,Olivia Voskuhl Block.,16,11,5,1,0.6326633866894098,Cleveland State,Green Bay,4,4,0,0,NA,400998357,2018-02-15,
20,1,2:41,1961,1961,Cleveland State Defensive Rebound.,16,11,5,55,0.6327229510055233,Cleveland State,Green Bay,4,4,0,0,NA,400998357,2018-02-15,
21,1,1:46,1906,1906,Allie Leclaire Defensive Rebound.,19,14,5,16,0.636033843008791,Cleveland State,Green Bay,4,4,0,0,NA,400998357,2018-02-15,Cleveland State
22,1,1:30,1890,1890,Jade Ely Defensive Rebound.,19,14,5,67,0.6369971648359438,Cleveland State,Green Bay,4,4,0,0,NA,400998357,2018-02-15,
23,1,0:23,1823,1823,Jessica Lindstrom Defensive Rebound.,22,17,5,23,0.6410423795849501,Cleveland State,Green Bay,4,4,0,0,NA,400998357,2018-02-15,Cleveland State
24,1,0:00,1800,1800,End of 1st Quarter,22,17,5,13,0.6424482088636343,Cleveland State,Green Bay,4,4,0,0,NA,400998357,2018-02-15,
25,2,9:47,1787,1787,Jessica Lindstrom Block.,22,17,5,1,0.6432495128194443,Cleveland State,Green Bay,4,4,0,0,NA,400998357,2018-02-15,
26,2,9:46,1786,1786,Green Bay Defensive Rebound.,22,17,5,20,0.6433113822250908,Cleveland State,Green Bay,4,4,0,0,NA,400998357,2018-02-15,
27,2,9:26,1766,1766,Jessica Lindstrom Offensive Rebound.,22,17,5,92,0.6445565143700558,Cleveland State,Green Bay,4,4,0,0,NA,400998357,2018-02-15,
28,2,7:54,1674,1674,Cleveland State Defensive Rebound.,28,21,7,21,0.7047130205992904,Cleveland State,Green Bay,4,4,0,0,NA,400998357,2018-02-15,Cleveland State
29,2,7:33,1653,1653,Jen Wellnitz Steal.,28,21,7,9,0.7064398383839159,Cleveland State,Green Bay,4,4,0,0,NA,400998357,2018-02-15,
30,2,7:24,1644,1644,Jessica Lindstrom Offensive Rebound.,28,21,7,5,0.7071664636871585,Cleveland State,Green Bay,4,4,0,0,NA,400998357,2018-02-15,
31,2,7:19,1639,1639,Olivia Voskuhl Defensive Rebound.,28,21,7,9,0.7075673281951343,Cleveland State,Green Bay,4,4,0,0,NA,400998357,2018-02-15,
32,2,7:10,1630,1630,Jen Wellnitz Steal.,28,21,7,14,0.7082845998291963,Cleveland State,Green Bay,4,4,0,0,NA,400998357,2018-02-15,
33,2,6:56,1616,1616,Green Bay Offensive Rebound.,28,21,7,25,0.7093918335099042,Cleveland State,Green Bay,4,4,0,0,NA,400998357,2018-02-15,
34,2,6:31,1591,1591,Jen Wellnitz Steal.,28,21,7,19,0.7113557246388608,Cleveland State,Green Bay,4,4,0,0,NA,400998357,2018-02-15,
35,2,6:12,1572,1572,Jessica Lindstrom Steal.,28,21,7,9,0.7128496735842447,Cleveland State,Green Bay,4,4,0,0,NA,400998357,2018-02-15,
36,2,6:03,1563,1563,Karly Murphy Offensive Rebound.,28,21,7,3,0.7135612421696813,Cleveland State,Green Bay,4,4,0,0,NA,400998357,2018-02-15,
37,2,6:00,1560,1560,Karly Murphy missed Free Throw.,28,23,5,0,0.6576392953246581,Cleveland State,Green Bay,4,4,0,0,NA,400998357,2018-02-15,Green Bay
38,2,6:00,1560,1560,Shadae Bosley Defensive Rebound.,28,23,5,21,0.6576392953246581,Cleveland State,Green Bay,4,4,0,0,NA,400998357,2018-02-15,
39,2,5:39,1539,1539,Shadae Bosley Defensive Rebound.,30,23,7,24,0.7154816619332603,Cleveland State,Green Bay,4,4,0,0,NA,400998357,2018-02-15,Cleveland State
40,2,5:15,1515,1515,Jessica Lindstrom Defensive Rebound.,30,23,7,45,0.7174520982534881,Cleveland State,Green Bay,4,4,0,0,NA,400998357,2018-02-15,
41,2,4:30,1470,1470,Olivia Voskuhl Defensive Rebound.,32,23,9,48,0.7725826898563842,Cleveland State,Green Bay,4,4,0,0,NA,400998357,2018-02-15,Cleveland State
42,2,3:42,1422,1422,Mariah Miller Defensive Rebound.,35,23,12,38,0.8413633209901088,Cleveland State,Green Bay,4,4,0,0,NA,400998357,2018-02-15,Cleveland State
43,2,3:04,1384,1384,Green Bay Deadball Team Rebound.,35,23,12,18,0.8451196086169823,Cleveland State,Green Bay,4,4,0,0,NA,400998357,2018-02-15,
44,2,2:46,1366,1366,Khayla Livingston Defensive Rebound.,35,23,12,28,0.8468412349494182,Cleveland State,Green Bay,4,4,0,0,NA,400998357,2018-02-15,
45,2,2:18,1338,1338,Olivia Voskuhl Defensive Rebound.,37,23,14,38,0.882793194968694,Cleveland State,Green Bay,4,4,0,0,NA,400998357,2018-02-15,Cleveland State
46,2,1:40,1300,1300,Laken James Offensive Rebound.,37,23,14,6,0.8862586394759493,Cleveland State,Green Bay,4,4,0,0,NA,400998357,2018-02-15,
47,2,1:34,1294,1294,Jen Wellnitz Offensive Rebound.,37,23,14,32,0.8868191754837145,Cleveland State,Green Bay,4,4,0,0,NA,400998357,2018-02-15,
48,2,1:02,1262,1262,Jessica Lindstrom Defensive Rebound.,37,25,12,10,0.8570803168733799,Cleveland State,Green Bay,4,4,0,0,NA,400998357,2018-02-15,Green Bay
49,2,0:52,1252,1252,Ashanti Abshaw Steal.,37,25,12,52,0.8581595428705405,Cleveland State,Green Bay,4,4,0,0,NA,400998357,2018-02-15,
50,2,0:00,1200,1200,End of 2nd Quarter,37,28,9,14,0.8002839754918194,Cleveland State,Green Bay,4,4,0,0,NA,400998357,2018-02-15,Green Bay
51,3,9:46,1186,1186,Ashanti Abshaw made Free Throw.,38,28,10,0,0.8254862786869437,Cleveland State,Green Bay,5,5,0,0,NA,400998357,2018-02-15,Cleveland State
52,3,9:46,1186,1186,Ashanti Abshaw missed Free Throw.,38,28,10,0,0.8254862786869437,Cleveland State,Green Bay,5,5,0,0,NA,400998357,2018-02-15,
53,3,9:46,1186,1186,Jessica Lindstrom Defensive Rebound.,38,28,10,15,0.8254862786869437,Cleveland State,Green Bay,5,5,0,0,NA,400998357,2018-02-15,
54,3,9:31,1171,1171,Shadae Bosley Steal.,38,28,10,4,0.8272400345098065,Cleveland State,Green Bay,5,5,0,0,NA,400998357,2018-02-15,
55,3,9:27,1167,1167,Khayla Livingston made Free Throw.,39,28,11,0,0.8489455795481146,Cleveland State,Green Bay,5,5,0,0,NA,400998357,2018-02-15,Cleveland State
56,3,9:27,1167,1167,Khayla Livingston missed Free Throw.,39,28,11,0,0.8489455795481146,Cleveland State,Green Bay,5,5,0,0,NA,400998357,2018-02-15,
57,3,9:27,1167,1167,Jessica Lindstrom Defensive Rebound.,39,28,11,11,0.8489455795481146,Cleveland State,Green Bay,5,5,0,0,NA,400998357,2018-02-15,
58,3,9:16,1156,1156,Green Bay Offensive Rebound.,39,28,11,4,0.8501828700046696,Cleveland State,Green Bay,5,5,0,0,NA,400998357,2018-02-15,
59,3,9:12,1152,1152,Cleveland State Defensive Rebound.,39,28,11,17,0.8506284498343993,Cleveland State,Green Bay,5,5,0,0,NA,400998357,2018-02-15,
60,3,8:55,1135,1135,Jessica Lindstrom Defensive Rebound.,39,28,11,26,0.8525038149665316,Cleveland State,Green Bay,5,5,0,0,NA,400998357,2018-02-15,
61,3,8:29,1109,1109,Khayla Livingston Defensive Rebound.,39,28,11,20,0.8553478556525942,Cleveland State,Green Bay,5,5,0,0,NA,400998357,2018-02-15,
62,3,8:09,1089,1089,Jessica Lindstrom Offensive Rebound.,39,28,11,3,0.8575509207196106,Cleveland State,Green Bay,5,5,0,0,NA,400998357,2018-02-15,
63,3,8:06,1086,1086,Ashanti Abshaw Defensive Rebound.,39,28,11,36,0.8578844988209788,Cleveland State,Green Bay,5,5,0,0,NA,400998357,2018-02-15,
64,3,7:30,1050,1050,Jen Wellnitz Offensive Rebound.,42,28,14,37,0.9114603868277782,Cleveland State,Green Bay,5,5,0,0,NA,400998357,2018-02-15,Cleveland State
65,3,6:53,1013,1013,Jessica Lindstrom Offensive Rebound.,42,30,12,21,0.8850070461734968,Cleveland State,Green Bay,5,5,0,0,NA,400998357,2018-02-15,Green Bay
66,3,6:32,992,992,Jessica Lindstrom Steal.,42,32,10,57,0.8484593772259924,Cleveland State,Green Bay,5,5,0,0,NA,400998357,2018-02-15,Green Bay
67,3,5:35,935,935,Jade Ely Steal.,44,35,9,12,0.8329317037270642,Cleveland State,Green Bay,5,5,0,0,NA,400998357,2018-02-15,Cleveland State
68,3,5:23,923,923,Karly Murphy Steal.,44,35,9,10,0.8343689397937324,Cleveland State,Green Bay,5,5,0,0,NA,400998357,2018-02-15,
69,3,5:13,913,913,Jessica Lindstrom Offensive Rebound.,44,35,9,4,0.8355138043019306,Cleveland State,Green Bay,5,5,0,0,NA,400998357,2018-02-15,
70,3,5:09,909,909,Jessica Lindstrom made Free Throw.,44,36,8,0,0.8096187790355404,Cleveland State,Green Bay,5,5,0,0,NA,400998357,2018-02-15,Green Bay
71,3,5:09,909,909,Jessica Lindstrom made Free Throw.,44,37,7,32,0.7801589901604408,Cleveland State,Green Bay,5,5,0,0,NA,400998357,2018-02-15,Green Bay
72,3,4:37,877,877,Jessica Lindstrom made Free Throw.,46,38,8,0,0.8130648894889312,Cleveland State,Green Bay,5,5,0,0,NA,400998357,2018-02-15,Cleveland State
73,3,4:37,877,877,Jessica Lindstrom made Free Throw.,46,39,7,10,0.783519113376173,Cleveland State,Green Bay,5,5,0,0,NA,400998357,2018-02-15,Green Bay
74,3,4:27,867,867,Frankie Wurtz Defensive Rebound.,46,39,7,96,0.7845573764694823,Cleveland State,Green Bay,5,5,0,0,NA,400998357,2018-02-15,
75,3,2:51,771,771,Olivia Voskuhl Steal.,51,42,9,4,0.8523985603851264,Cleveland State,Green Bay,5,5,0,0,NA,400998357,2018-02-15,Cleveland State
76,3,2:47,767,767,Khayla Livingston made Free Throw.,52,42,10,0,0.8758738412724183,Cleveland State,Green Bay,5,5,0,0,NA,400998357,2018-02-15,Cleveland State
77,3,2:47,767,767,Khayla Livingston made Free Throw.,53,42,11,11,0.8956048392709871,Cleveland State,Green Bay,5,5,0,0,NA,400998357,2018-02-15,Cleveland State
78,3,2:36,756,756,Olivia Voskuhl Defensive Rebound.,53,42,11,69,0.8972425105734307,Cleveland State,Green Bay,5,5,0,0,NA,400998357,2018-02-15,
79,3,1:27,687,687,Jessica Lindstrom Offensive Rebound.,55,44,11,5,0.9078839383142975,Cleveland State,Green Bay,5,5,0,0,NA,400998357,2018-02-15,Cleveland State
80,3,1:22,682,682,Khayla Livingston Defensive Rebound.,55,44,11,23,0.9085148897036274,Cleveland State,Green Bay,5,5,0,0,NA,400998357,2018-02-15,
81,3,0:59,659,659,Mariah Miller Offensive Rebound.,55,44,11,34,0.911295910387184,Cleveland State,Green Bay,5,5,0,0,NA,400998357,2018-02-15,
82,3,0:25,625,625,Karly Murphy Defensive Rebound.,57,46,11,25,0.9154369813205704,Cleveland State,Green Bay,5,5,0,0,NA,400998357,2018-02-15,Cleveland State
83,3,0:00,600,600,End of 3rd Quarter,57,49,8,68,0.8538411921100788,Cleveland State,Green Bay,5,5,0,0,NA,400998357,2018-02-15,Green Bay
84,4,8:52,532,532,Green Bay Defensive Rebound.,59,51,8,46,0.8688453039443385,Cleveland State,Green Bay,6,6,0,0,NA,400998357,2018-02-15,Cleveland State
85,4,8:06,486,486,Jessica Lindstrom Defensive Rebound.,59,54,5,19,0.7736838405516452,Cleveland State,Green Bay,6,6,0,0,NA,400998357,2018-02-15,Green Bay
86,4,7:47,467,467,Jade Ely Defensive Rebound.,59,54,5,27,0.7775197467617175,Cleveland State,Green Bay,6,6,0,0,NA,400998357,2018-02-15,
87,4,7:20,440,440,Olivia Voskuhl Defensive Rebound.,61,54,7,30,0.8592989641814819,Cleveland State,Green Bay,6,6,0,0,NA,400998357,2018-02-15,Cleveland State
88,4,6:50,410,410,Frankie Wurtz Defensive Rebound.,61,54,7,25,0.868961767790064,Cleveland State,Green Bay,6,6,0,0,NA,400998357,2018-02-15,
89,4,6:25,385,385,Olivia Voskuhl Steal.,61,54,7,14,0.8760821554797898,Cleveland State,Green Bay,6,6,0,0,NA,400998357,2018-02-15,
90,4,6:11,371,371,Mariah Miller Offensive Rebound.,61,54,7,5,0.8800846914039601,Cleveland State,Green Bay,6,6,0,0,NA,400998357,2018-02-15,
91,4,6:06,366,366,Frankie Wurtz Defensive Rebound.,61,54,7,23,0.8815660916980794,Cleveland State,Green Bay,6,6,0,0,NA,400998357,2018-02-15,
92,4,5:43,343,343,Olivia Voskuhl Offensive Rebound.,61,54,7,38,0.8890017300897416,Cleveland State,Green Bay,6,6,0,0,NA,400998357,2018-02-15,
93,4,5:05,305,305,Jessica Lindstrom Defensive Rebound.,61,54,7,26,0.9042225120267801,Cleveland State,Green Bay,6,6,0,0,NA,400998357,2018-02-15,
94,4,4:39,279,279,Jessica Lindstrom Offensive Rebound.,61,54,7,27,0.9061856367790857,Cleveland State,Green Bay,6,6,0,0,NA,400998357,2018-02-15,
95,4,4:12,252,252,Jessica Lindstrom Defensive Rebound.,61,56,5,27,0.8295942359398817,Cleveland State,Green Bay,6,6,0,0,NA,400998357,2018-02-15,Green Bay
96,4,3:45,225,225,Jade Ely Steal.,61,56,5,30,0.82915056670734,Cleveland State,Green Bay,6,6,0,0,NA,400998357,2018-02-15,
97,4,3:15,195,195,Frankie Wurtz Offensive Rebound.,64,56,8,13,0.9405634580878042,Cleveland State,Green Bay,6,6,0,0,NA,400998357,2018-02-15,Cleveland State
98,4,3:02,182,182,Allie Leclaire missed Free Throw.,64,56,8,0,0.9513057088044775,Cleveland State,Green Bay,6,6,0,0,NA,400998357,2018-02-15,
99,4,3:02,182,182,Green Bay Deadball Team Rebound.,64,56,8,0,0.9513057088044775,Cleveland State,Green Bay,6,6,0,0,NA,400998357,2018-02-15,
100,4,3:02,182,182,Allie Leclaire made Free Throw.,64,57,7,26,0.9309091550745081,Cleveland State,Green Bay,6,6,0,0,NA,400998357,2018-02-15,Green Bay
101,4,2:36,156,156,Jessica Lindstrom Steal.,64,57,7,10,0.9528211522163565,Cleveland State,Green Bay,6,6,0,0,NA,400998357,2018-02-15,
102,4,2:26,146,146,Laken James made Free Throw.,64,58,6,0,0.938537944630103,Cleveland State,Green Bay,6,6,0,0,NA,400998357,2018-02-15,Green Bay
103,4,2:26,146,146,Laken James missed Free Throw.,64,58,6,0,0.938537944630103,Cleveland State,Green Bay,6,6,0,0,NA,400998357,2018-02-15,
104,4,2:26,146,146,Jade Ely Defensive Rebound.,64,58,6,34,0.938537944630103,Cleveland State,Green Bay,6,6,0,0,NA,400998357,2018-02-15,
105,4,1:52,112,112,Mariah Miller made Free Throw.,65,58,7,0,0.9804451072303482,Cleveland State,Green Bay,6,6,0,0,NA,400998357,2018-02-15,Cleveland State
106,4,1:52,112,112,Mariah Miller made Free Throw.,66,58,8,13,0.9887273099830783,Cleveland State,Green Bay,6,6,0,0,NA,400998357,2018-02-15,Cleveland State
107,4,1:39,99,99,Olivia Voskuhl Steal.,66,58,8,45,0.9924889483374048,Cleveland State,Green Bay,6,6,0,0,NA,400998357,2018-02-15,
108,4,0:54,54,54,Khayla Livingston Defensive Rebound.,69,58,11,8,0.9998908104755619,Cleveland State,Green Bay,6,6,0,0,NA,400998357,2018-02-15,Cleveland State
109,4,0:46,46,46,Khayla Livingston missed Free Throw.,69,58,11,0,0.9999335610441736,Cleveland State,Green Bay,6,6,0,0,NA,400998357,2018-02-15,
110,4,0:46,46,46,Cleveland State Deadball Team Rebound.,69,58,11,0,0.9999335610441736,Cleveland State,Green Bay,6,6,0,0,NA,400998357,2018-02-15,
111,4,0:46,46,46,Khayla Livingston made Free Throw.,70,58,12,12,0.9999722883429456,Cleveland State,Green Bay,6,6,0,0,NA,400998357,2018-02-15,Cleveland State
112,4,0:34,34,34,Meghan Pingel Offensive Rebound.,70,58,12,5,0.9999883110465111,Cleveland State,Green Bay,6,6,0,0,NA,400998357,2018-02-15,
113,4,0:29,29,29,Khayla Livingston Defensive Rebound.,70,58,12,5,0.9999919672719587,Cleveland State,Green Bay,6,6,0,0,NA,400998357,2018-02-15,
114,4,0:24,24,24,Khayla Livingston made Free Throw.,71,58,13,0,0.99999800316638765,Cleveland State,Green Bay,6,6,0,0,NA,400998357,2018-02-15,Cleveland State
115,4,0:24,24,24,Khayla Livingston missed Free Throw.,71,58,13,0,0.99999800316638765,Cleveland State,Green Bay,6,6,0,0,NA,400998357,2018-02-15,
116,4,0:24,24,24,Madison Wolf Defensive Rebound.,71,58,13,24,0.99999800316638765,Cleveland State,Green Bay,6,6,0,0,NA,400998357,2018-02-15,
117,4,0:00,0,0,End of Game,71,60,11,0,1,Cleveland State,Green Bay,6,6,0,0,NA,400998357,2018-02-15,Green Bay
