play_id,period,time_remaining_period,secs_remaining,secs_remaining_absolute,description,home_score,away_score,score_diff,play_length,win_prob,home,away,home_time_out_remaining,away_time_out_remaining,home_timeout_ind,away_timeout_ind,home_favored_by,game_id,date,whichScored
1,1,9:48,2388,2388,Paulina Hersler Defensive Rebound.,0,0,0,19,0.5,Texas A&M,Florida,4,4,0,0,NA,400987705,2018-02-15,NA
2,1,9:29,2369,2369,Paulina Hersler Offensive Rebound.,0,0,0,17,0.5,Texas A&M,Florida,4,4,0,0,NA,400987705,2018-02-15,
3,1,9:12,2352,2352,Chennedy Carter Defensive Rebound.,0,0,0,32,0.5,Texas A&M,Florida,4,4,0,0,NA,400987705,2018-02-15,
4,1,8:40,2320,2320,Danni Williams Defensive Rebound.,2,0,2,11,0.545745316074961,Texas A&M,Florida,4,4,0,0,NA,400987705,2018-02-15,Texas A&M
5,1,8:29,2309,2309,Dyandria Anderson Steal.,2,0,2,3,0.5459879404978363,Texas A&M,Florida,4,4,0,0,NA,400987705,2018-02-15,
6,1,8:26,2306,2306,Haley Lorenzen Offensive Rebound.,2,0,2,57,0.5460543386548282,Texas A&M,Florida,4,4,0,0,NA,400987705,2018-02-15,
7,1,7:29,2249,2249,Anriel Howard Defensive Rebound.,5,3,2,8,0.5473323287850554,Texas A&M,Florida,4,4,0,0,NA,400987705,2018-02-15,Texas A&M
8,1,7:21,2241,2241,Anriel Howard Offensive Rebound.,5,3,2,50,0.5475138833251382,Texas A&M,Florida,4,4,0,0,NA,400987705,2018-02-15,
9,1,6:31,2191,2191,Paulina Hersler Defensive Rebound.,7,6,1,12,0.5243868145672748,Texas A&M,Florida,4,4,0,0,NA,400987705,2018-02-15,Texas A&M
10,1,6:19,2179,2179,Paulina Hersler Offensive Rebound.,7,6,1,19,0.5245260519043405,Texas A&M,Florida,4,4,0,0,NA,400987705,2018-02-15,
11,1,6:00,2160,2160,Chennedy Carter Defensive Rebound.,7,6,1,8,0.5247471948920313,Texas A&M,Florida,4,4,0,0,NA,400987705,2018-02-15,
12,1,5:52,2152,2152,Paulina Hersler Defensive Rebound.,7,6,1,70,0.524840689840124,Texas A&M,Florida,4,4,0,0,NA,400987705,2018-02-15,
13,1,4:42,2082,2082,Dyandria Anderson Defensive Rebound.,9,11,-2,8,0.4487935683174232,Texas A&M,Florida,4,4,0,0,NA,400987705,2018-02-15,Texas A&M
14,1,4:34,2074,2074,Danni Williams Defensive Rebound.,9,11,-2,52,0.448602341227073,Texas A&M,Florida,4,4,0,0,NA,400987705,2018-02-15,
15,1,3:42,2022,2022,Khaalia Hillsman Defensive Rebound.,14,13,1,16,0.5264022520822487,Texas A&M,Florida,4,4,0,0,NA,400987705,2018-02-15,Texas A&M
16,1,3:26,2006,2006,Anriel Howard made Free Throw.,15,13,2,0,0.553051780241399,Texas A&M,Florida,4,4,0,0,NA,400987705,2018-02-15,Texas A&M
17,1,3:26,2006,2006,Anriel Howard missed Free Throw.,15,13,2,0,0.553051780241399,Texas A&M,Florida,4,4,0,0,NA,400987705,2018-02-15,
18,1,3:26,2006,2006,Delicia Washington Defensive Rebound.,15,13,2,28,0.553051780241399,Texas A&M,Florida,4,4,0,0,NA,400987705,2018-02-15,
19,1,2:58,1978,1978,Delicia Washington Offensive Rebound.,15,13,2,51,0.5537493691968808,Texas A&M,Florida,4,4,0,0,NA,400987705,2018-02-15,
20,1,2:07,1927,1927,Delicia Washington Defensive Rebound.,15,16,-1,29,0.4723921466698888,Texas A&M,Florida,4,4,0,0,NA,400987705,2018-02-15,Florida
21,1,1:38,1898,1898,Haley Lorenzen Defensive Rebound.,15,16,-1,86,0.4720156351671368,Texas A&M,Florida,4,4,0,0,NA,400987705,2018-02-15,
22,1,0:12,1812,1812,Chennedy Carter Block.,18,18,0,1,0.5,Texas A&M,Florida,4,4,0,0,NA,400987705,2018-02-15,Texas A&M
23,1,0:11,1811,1811,Chennedy Carter Defensive Rebound.,18,18,0,11,0.5,Texas A&M,Florida,4,4,0,0,NA,400987705,2018-02-15,
24,1,0:00,1800,1800,End of 1st Quarter,20,21,-1,50,0.47073319422403154,Texas A&M,Florida,4,4,0,0,NA,400987705,2018-02-15,Texas A&M
25,2,9:10,1750,1750,Anriel Howard Block.,22,23,-1,2,0.4700559464025223,Texas A&M,Florida,4,4,0,0,NA,400987705,2018-02-15,Texas A&M
26,2,9:08,1748,1748,Anriel Howard Defensive Rebound.,22,23,-1,17,0.4700283324209723,Texas A&M,Florida,4,4,0,0,NA,400987705,2018-02-15,
27,2,8:51,1731,1731,Haley Lorenzen Block.,22,23,-1,2,0.4697916980247994,Texas A&M,Florida,4,4,0,0,NA,400987705,2018-02-15,
28,2,8:49,1729,1729,Jasmine Lumpkin Offensive Rebound.,22,23,-1,4,0.46976362301874747,Texas A&M,Florida,4,4,0,0,NA,400987705,2018-02-15,
29,2,8:45,1725,1725,Delicia Washington Defensive Rebound.,22,23,-1,36,0.4697073170370531,Texas A&M,Florida,4,4,0,0,NA,400987705,2018-02-15,
30,2,8:09,1689,1689,Caylinne Martin made Free Throw.,23,25,-2,0,0.43861396578043454,Texas A&M,Florida,4,4,0,0,NA,400987705,2018-02-15,Texas A&M
31,2,8:09,1689,1689,Caylinne Martin made Free Throw.,24,25,-1,41,0.46919044411514405,Texas A&M,Florida,4,4,0,0,NA,400987705,2018-02-15,Texas A&M
32,2,7:28,1648,1648,Funda Nakkasoglu Defensive Rebound.,24,27,-3,69,0.4068051340231543,Texas A&M,Florida,4,4,0,0,NA,400987705,2018-02-15,Florida
33,2,6:19,1579,1579,Funda Nakkasoglu Defensive Rebound.,26,32,-6,7,0.3149533715395983,Texas A&M,Florida,4,4,0,0,NA,400987705,2018-02-15,Texas A&M
34,2,6:12,1572,1572,Chennedy Carter Steal.,26,32,-6,13,0.3144557372347473,Texas A&M,Florida,4,4,0,0,NA,400987705,2018-02-15,
35,2,5:59,1559,1559,Khaalia Hillsman made Free Throw.,27,32,-5,0,0.3422981550567063,Texas A&M,Florida,4,4,0,0,NA,400987705,2018-02-15,Texas A&M
36,2,5:59,1559,1559,Khaalia Hillsman missed Free Throw.,27,32,-5,0,0.3422981550567063,Texas A&M,Florida,4,4,0,0,NA,400987705,2018-02-15,
37,2,5:59,1559,1559,Haley Lorenzen Defensive Rebound.,27,32,-5,92,0.3422981550567063,Texas A&M,Florida,4,4,0,0,NA,400987705,2018-02-15,
38,2,4:27,1467,1467,Chennedy Carter Defensive Rebound.,31,36,-5,10,0.3361752471565244,Texas A&M,Florida,4,4,0,0,NA,400987705,2018-02-15,Texas A&M
39,2,4:17,1457,1457,Anriel Howard Offensive Rebound.,31,36,-5,4,0.3354447767012678,Texas A&M,Florida,4,4,0,0,NA,400987705,2018-02-15,
40,2,4:13,1453,1453,Anriel Howard missed Free Throw.,33,36,-3,0,0.39867338489725523,Texas A&M,Florida,4,4,0,0,NA,400987705,2018-02-15,Texas A&M
41,2,4:13,1453,1453,Paulina Hersler Defensive Rebound.,33,36,-3,26,0.39867338489725523,Texas A&M,Florida,4,4,0,0,NA,400987705,2018-02-15,
42,2,3:47,1427,1427,Delicia Washington Offensive Rebound.,33,36,-3,4,0.3974405842161685,Texas A&M,Florida,4,4,0,0,NA,400987705,2018-02-15,
43,2,3:43,1423,1423,Paulina Hersler Offensive Rebound.,33,36,-3,19,0.3972563455339922,Texas A&M,Florida,4,4,0,0,NA,400987705,2018-02-15,
44,2,3:24,1404,1404,Khaalia Hillsman Offensive Rebound.,33,38,-5,7,0.3316265150138883,Texas A&M,Florida,4,4,0,0,NA,400987705,2018-02-15,Florida
45,2,3:17,1397,1397,Khaalia Hillsman Offensive Rebound.,33,38,-5,20,0.33114533178764954,Texas A&M,Florida,4,4,0,0,NA,400987705,2018-02-15,
46,2,2:57,1377,1377,Paulina Hersler Defensive Rebound.,33,38,-5,34,0.32978587848669716,Texas A&M,Florida,4,4,0,0,NA,400987705,2018-02-15,
47,2,2:23,1343,1343,Mikayla Hayes Defensive Rebound.,33,38,-5,42,0.3274863180350783,Texas A&M,Florida,4,4,0,0,NA,400987705,2018-02-15,
48,2,1:41,1301,1301,Anriel Howard Offensive Rebound.,33,40,-7,23,0.26384479834714936,Texas A&M,Florida,4,4,0,0,NA,400987705,2018-02-15,Florida
49,2,1:18,1278,1278,Khaalia Hillsman Block.,35,40,-5,2,0.32285589390888364,Texas A&M,Florida,4,4,0,0,NA,400987705,2018-02-15,Texas A&M
50,2,1:16,1276,1276,Khaalia Hillsman Defensive Rebound.,35,40,-5,74,0.3227037577133268,Texas A&M,Florida,4,4,0,0,NA,400987705,2018-02-15,
51,2,0:02,1202,1202,Anriel Howard Defensive Rebound.,37,43,-6,2,0.28406936750647005,Texas A&M,Florida,4,4,0,0,NA,400987705,2018-02-15,Texas A&M
52,2,0:00,1200,1200,End of 2nd Quarter,37,43,-6,99,0.28386293076294067,Texas A&M,Florida,4,4,0,0,NA,400987705,2018-02-15,
53,3,8:21,1101,1101,Danni Williams made Free Throw.,43,47,-4,0,0.3432527771062383,Texas A&M,Florida,5,5,0,0,NA,400987705,2018-02-15,Texas A&M
54,3,8:21,1101,1101,Danni Williams made Free Throw.,44,47,-3,9,0.3806891773841774,Texas A&M,Florida,5,5,0,0,NA,400987705,2018-02-15,Texas A&M
55,3,8:12,1092,1092,Delicia Washington Offensive Rebound.,44,47,-3,4,0.3801692739994999,Texas A&M,Florida,5,5,0,0,NA,400987705,2018-02-15,
56,3,8:08,1088,1088,Jasmine Lumpkin Defensive Rebound.,44,47,-3,18,0.3799360426623326,Texas A&M,Florida,5,5,0,0,NA,400987705,2018-02-15,
57,3,7:50,1070,1070,Anriel Howard made Free Throw.,45,47,-2,0,0.41834383135846237,Texas A&M,Florida,5,5,0,0,NA,400987705,2018-02-15,Texas A&M
58,3,7:50,1070,1070,Anriel Howard made Free Throw.,46,47,-1,48,0.4588959930529921,Texas A&M,Florida,5,5,0,0,NA,400987705,2018-02-15,Texas A&M
59,3,7:02,1022,1022,Chennedy Carter Steal.,48,49,-1,5,0.4578088634829192,Texas A&M,Florida,5,5,0,0,NA,400987705,2018-02-15,Texas A&M
60,3,6:57,1017,1017,Texas A&M Offensive Rebound.,48,49,-1,4,0.4576864638151887,Texas A&M,Florida,5,5,0,0,NA,400987705,2018-02-15,
61,3,6:53,1013,1013,Danni Williams made Free Throw.,49,49,0,0,0.5,Texas A&M,Florida,5,5,0,0,NA,400987705,2018-02-15,Texas A&M
62,3,6:53,1013,1013,Danni Williams made Free Throw.,50,49,1,69,0.5424129311553842,Texas A&M,Florida,5,5,0,0,NA,400987705,2018-02-15,Texas A&M
63,3,5:44,944,944,Danni Williams Defensive Rebound.,52,51,1,17,0.5442842831244298,Texas A&M,Florida,5,5,0,0,NA,400987705,2018-02-15,Texas A&M
64,3,5:27,927,927,Mikayla Hayes Block.,52,51,1,1,0.5447001037467366,Texas A&M,Florida,5,5,0,0,NA,400987705,2018-02-15,
65,3,5:26,926,926,Texas A&M Offensive Rebound.,52,51,1,0,0.5447236640535791,Texas A&M,Florida,5,5,0,0,NA,400987705,2018-02-15,
66,3,5:26,926,926,Dyandria Anderson Defensive Rebound.,52,51,1,135,0.5447236640535791,Texas A&M,Florida,5,5,0,0,NA,400987705,2018-02-15,
67,3,3:11,791,791,Haley Lorenzen Defensive Rebound.,56,59,-3,64,0.3596682115923018,Texas A&M,Florida,5,5,0,0,NA,400987705,2018-02-15,Texas A&M
68,3,2:07,727,727,Anriel Howard Defensive Rebound.,58,62,-4,9,0.3084638428582184,Texas A&M,Florida,5,5,0,0,NA,400987705,2018-02-15,Texas A&M
69,3,1:58,718,718,Haley Lorenzen Defensive Rebound.,58,62,-4,19,0.307158542312359,Texas A&M,Florida,5,5,0,0,NA,400987705,2018-02-15,
70,3,1:39,699,699,Haley Lorenzen missed Free Throw.,58,62,-4,0,0.30466139836413814,Texas A&M,Florida,5,5,0,0,NA,400987705,2018-02-15,
71,3,1:39,699,699,Florida Deadball Team Rebound.,58,62,-4,0,0.30466139836413814,Texas A&M,Florida,5,5,0,0,NA,400987705,2018-02-15,
72,3,1:39,699,699,Haley Lorenzen missed Free Throw.,58,62,-4,0,0.30466139836413814,Texas A&M,Florida,5,5,0,0,NA,400987705,2018-02-15,
73,3,1:39,699,699,Khaalia Hillsman Defensive Rebound.,58,62,-4,13,0.30466139836413814,Texas A&M,Florida,5,5,0,0,NA,400987705,2018-02-15,
74,3,1:26,686,686,Haley Lorenzen Defensive Rebound.,58,62,-4,31,0.30310015310711236,Texas A&M,Florida,5,5,0,0,NA,400987705,2018-02-15,
75,3,0:55,655,655,Chennedy Carter Defensive Rebound.,58,62,-4,27,0.29958901960835377,Texas A&M,Florida,5,5,0,0,NA,400987705,2018-02-15,
76,3,0:28,628,628,Dyandria Anderson Offensive Rebound.,60,62,-2,26,0.39360640947548436,Texas A&M,Florida,5,5,0,0,NA,400987705,2018-02-15,Texas A&M
77,3,0:02,602,602,Tameria Johnson Offensive Rebound.,60,62,-2,2,0.3916096142649499,Texas A&M,Florida,5,5,0,0,NA,400987705,2018-02-15,
78,3,0:00,600,600,End of 3rd Quarter,60,62,-2,28,0.39144009480292735,Texas A&M,Florida,5,5,0,0,NA,400987705,2018-02-15,
79,4,9:32,572,572,Anriel Howard Defensive Rebound.,60,62,-2,6,0.3887469921961607,Texas A&M,Florida,6,6,0,0,NA,400987705,2018-02-15,
80,4,9:26,566,566,Funda Nakkasoglu Defensive Rebound.,60,62,-2,38,0.3880796756332304,Texas A&M,Florida,6,6,0,0,NA,400987705,2018-02-15,
81,4,8:48,528,528,Haley Lorenzen made Free Throw.,60,66,-6,0,0.19412093867493443,Texas A&M,Florida,6,6,0,0,NA,400987705,2018-02-15,Florida
82,4,8:48,528,528,Haley Lorenzen made Free Throw.,60,67,-7,10,0.15966880710489081,Texas A&M,Florida,6,6,0,0,NA,400987705,2018-02-15,Florida
83,4,8:38,518,518,Funda Nakkasoglu Defensive Rebound.,60,67,-7,34,0.15768851452575502,Texas A&M,Florida,6,6,0,0,NA,400987705,2018-02-15,
84,4,8:04,484,484,Anriel Howard Defensive Rebound.,60,67,-7,16,0.15136590477992606,Texas A&M,Florida,6,6,0,0,NA,400987705,2018-02-15,
85,4,7:48,468,468,Anriel Howard Offensive Rebound.,60,67,-7,8,0.14804716927080872,Texas A&M,Florida,6,6,0,0,NA,400987705,2018-02-15,
86,4,7:40,460,460,Khaalia Hillsman Offensive Rebound.,60,67,-7,3,0.1461846376468603,Texas A&M,Florida,6,6,0,0,NA,400987705,2018-02-15,
87,4,7:37,457,457,Anriel Howard Offensive Rebound.,60,67,-7,3,0.14544246340067343,Texas A&M,Florida,6,6,0,0,NA,400987705,2018-02-15,
88,4,7:34,454,454,Anriel Howard made Free Throw.,63,67,-4,9,0.26591893226493424,Texas A&M,Florida,6,6,0,0,NA,400987705,2018-02-15,Texas A&M
89,4,7:25,445,445,Chennedy Carter Steal.,63,67,-4,7,0.2636766122240732,Texas A&M,Florida,6,6,0,0,NA,400987705,2018-02-15,
90,4,7:18,438,438,Tameria Johnson Defensive Rebound.,63,67,-4,5,0.2617397668945837,Texas A&M,Florida,6,6,0,0,NA,400987705,2018-02-15,
91,4,7:13,433,433,Anriel Howard Steal.,63,67,-4,2,0.2602418855034656,Texas A&M,Florida,6,6,0,0,NA,400987705,2018-02-15,
92,4,7:11,431,431,Chennedy Carter made Free Throw.,64,67,-3,0,0.3130324021568604,Texas A&M,Florida,6,6,0,0,NA,400987705,2018-02-15,Texas A&M
93,4,7:11,431,431,Chennedy Carter made Free Throw.,65,67,-2,9,0.37192042581562323,Texas A&M,Florida,6,6,0,0,NA,400987705,2018-02-15,Texas A&M
94,4,7:02,422,422,Paulina Hersler Defensive Rebound.,65,67,-2,56,0.37020643161398226,Texas A&M,Florida,6,6,0,0,NA,400987705,2018-02-15,
95,4,6:06,366,366,Haley Lorenzen Offensive Rebound.,65,67,-2,12,0.3604233602023815,Texas A&M,Florida,6,6,0,0,NA,400987705,2018-02-15,
96,4,5:54,354,354,Funda Nakkasoglu made Free Throw.,65,68,-3,0,0.294044082676682,Texas A&M,Florida,6,6,0,0,NA,400987705,2018-02-15,Florida
97,4,5:54,354,354,Funda Nakkasoglu missed Free Throw.,65,68,-3,0,0.294044082676682,Texas A&M,Florida,6,6,0,0,NA,400987705,2018-02-15,
98,4,5:54,354,354,Paulina Hersler Offensive Rebound.,65,68,-3,71,0.294044082676682,Texas A&M,Florida,6,6,0,0,NA,400987705,2018-02-15,
99,4,4:43,283,283,Khaalia Hillsman Offensive Rebound.,67,70,-3,52,0.2741414935120315,Texas A&M,Florida,6,6,0,0,NA,400987705,2018-02-15,Texas A&M
100,4,3:51,231,231,Danni Williams Steal.,69,70,-1,0,0.4220047641071278,Texas A&M,Florida,6,6,0,0,NA,400987705,2018-02-15,Texas A&M
101,4,3:51,231,231,Danni Williams made Free Throw.,70,70,0,0,0.5,Texas A&M,Florida,6,6,0,0,NA,400987705,2018-02-15,Texas A&M
102,4,3:51,231,231,Danni Williams made Free Throw.,71,70,1,13,0.5779952358928723,Texas A&M,Florida,6,6,0,0,NA,400987705,2018-02-15,Texas A&M
103,4,3:38,218,218,Jasmine Lumpkin Defensive Rebound.,71,70,1,28,0.5791036195573123,Texas A&M,Florida,6,6,0,0,NA,400987705,2018-02-15,
104,4,3:10,190,190,Anriel Howard made Free Throw.,72,70,2,0,0.6703137803437178,Texas A&M,Florida,6,6,0,0,NA,400987705,2018-02-15,Texas A&M
105,4,3:10,190,190,Anriel Howard made Free Throw.,73,70,3,40,0.7435318025178916,Texas A&M,Florida,6,6,0,0,NA,400987705,2018-02-15,Texas A&M
106,4,2:30,150,150,Anriel Howard Offensive Rebound.,73,72,1,22,0.6092323058049087,Texas A&M,Florida,6,6,0,0,NA,400987705,2018-02-15,Florida
107,4,2:08,128,128,Paulina Hersler made Free Throw.,75,73,2,0,0.7331517607863052,Texas A&M,Florida,6,6,0,0,NA,400987705,2018-02-15,Texas A&M
108,4,2:08,128,128,Paulina Hersler made Free Throw.,75,74,1,41,0.6237125615432261,Texas A&M,Florida,6,6,0,0,NA,400987705,2018-02-15,Florida
109,4,1:27,87,87,Chennedy Carter Defensive Rebound.,77,74,3,79,0.879777225026105,Texas A&M,Florida,6,6,0,0,NA,400987705,2018-02-15,Texas A&M
110,4,0:08,8,8,Khaalia Hillsman made Free Throw.,83,80,3,0,0.9662502423978944,Texas A&M,Florida,6,6,0,0,NA,400987705,2018-02-15,Texas A&M
111,4,0:08,8,8,Khaalia Hillsman made Free Throw.,84,80,4,3,0.9887112925767356,Texas A&M,Florida,6,6,0,0,NA,400987705,2018-02-15,Texas A&M
112,4,0:05,5,5,Danni Williams Defensive Rebound.,84,80,4,2,0.989632052843119,Texas A&M,Florida,6,6,0,0,NA,400987705,2018-02-15,
113,4,0:03,3,3,Danni Williams made Free Throw.,85,80,5,0,0.9968920744933377,Texas A&M,Florida,6,6,0,0,NA,400987705,2018-02-15,Texas A&M
114,4,0:03,3,3,Danni Williams missed Free Throw.,85,80,5,0,0.9968920744933377,Texas A&M,Florida,6,6,0,0,NA,400987705,2018-02-15,
115,4,0:03,3,3,Paulina Hersler Defensive Rebound.,85,80,5,1,0.9968920744933377,Texas A&M,Florida,6,6,0,0,NA,400987705,2018-02-15,
116,4,0:02,2,2,Chennedy Carter Defensive Rebound.,85,80,5,2,0.9970028640030048,Texas A&M,Florida,6,6,0,0,NA,400987705,2018-02-15,
117,4,0:00,0,0,End of Game,85,80,5,0,1,Texas A&M,Florida,6,6,0,0,NA,400987705,2018-02-15,
