play_id,period,time_remaining_period,secs_remaining,secs_remaining_absolute,description,home_score,away_score,score_diff,play_length,win_prob,home,away,home_time_out_remaining,away_time_out_remaining,home_timeout_ind,away_timeout_ind,home_favored_by,game_id,date,whichScored
1,1,9:37,2377,2377,Vanessa Cruz missed Jumper.,0,0,0,3,0.5,Northwestern State,Le Tourneau,4,4,0,0,NA,401179527,2019-11-05,NA
2,1,9:34,2374,2374,Le Tourneau Offensive Rebound.,0,0,0,13,0.5,Northwestern State,Le Tourneau,4,4,0,0,NA,401179527,2019-11-05,
3,1,9:21,2361,2361,Keauna Whitfield Turnover.,0,0,0,18,0.5,Northwestern State,Le Tourneau,4,4,0,0,NA,401179527,2019-11-05,
4,1,9:03,2343,2343,Kira Bonner made Layup. Assisted by Jasmyn Johnson.,2,0,2,10,0.5452425068556261,Northwestern State,Le Tourneau,4,4,0,0,NA,401179527,2019-11-05,Northwestern State
5,1,8:53,2333,2333,Micayla Mikulski Turnover.,2,0,2,13,0.5454603446991073,Northwestern State,Le Tourneau,4,4,0,0,NA,401179527,2019-11-05,
6,1,8:40,2320,2320,Lacee Savage missed Layup.,2,0,2,4,0.545745316074961,Northwestern State,Le Tourneau,4,4,0,0,NA,401179527,2019-11-05,
7,1,8:36,2316,2316,Flora Akingbade Defensive Rebound.,2,0,2,20,0.5458333887750282,Northwestern State,Le Tourneau,4,4,0,0,NA,401179527,2019-11-05,
8,1,8:16,2296,2296,Keauna Whitfield missed Layup.,2,0,2,3,0.5462763437592703,Northwestern State,Le Tourneau,4,4,0,0,NA,401179527,2019-11-05,
9,1,8:13,2293,2293,Micayla Mikulski Offensive Rebound.,2,0,2,12,0.5463431431926905,Northwestern State,Le Tourneau,4,4,0,0,NA,401179527,2019-11-05,
10,1,8:01,2281,2281,Bailey Lightfoot missed Three Point Jumper.,2,0,2,4,0.5466112148644995,Northwestern State,Le Tourneau,4,4,0,0,NA,401179527,2019-11-05,
11,1,7:57,2277,2277,Kira Bonner Defensive Rebound.,2,0,2,6,0.5467008721621327,Northwestern State,Le Tourneau,4,4,0,0,NA,401179527,2019-11-05,
12,1,7:51,2271,2271,Victoria Miller made Jumper. Assisted by Jasmyn Johnson.,4,0,4,19,0.5928565045035783,Northwestern State,Le Tourneau,4,4,0,0,NA,401179527,2019-11-05,Northwestern State
13,1,7:32,2252,2252,Micayla Mikulski Turnover.,4,0,4,0,0.5936915402480989,Northwestern State,Le Tourneau,4,4,0,0,NA,401179527,2019-11-05,
14,1,7:32,2252,2252,Jasmyn Johnson Steal.,4,0,4,5,0.5936915402480989,Northwestern State,Le Tourneau,4,4,0,0,NA,401179527,2019-11-05,
15,1,7:27,2247,2247,Jasmyn Johnson made Layup.,6,0,6,16,0.6388192071863054,Northwestern State,Le Tourneau,4,4,0,0,NA,401179527,2019-11-05,Northwestern State
16,1,7:11,2231,2231,Flora Akingbade made Layup.,6,2,4,7,0.5946202787906535,Northwestern State,Le Tourneau,4,4,0,0,NA,401179527,2019-11-05,Le Tourneau
17,1,7:04,2224,2224,Foul on Micayla Mikulski.,6,2,4,1,0.5949310531391636,Northwestern State,Le Tourneau,4,4,0,0,NA,401179527,2019-11-05,
18,1,7:03,2223,2223,Victoria Miller made Jumper. Assisted by Gabby Bell.,8,2,6,14,0.6403443350664153,Northwestern State,Le Tourneau,4,4,0,0,NA,401179527,2019-11-05,Northwestern State
19,1,6:49,2209,2209,Keauna Whitfield missed Jumper.,8,2,6,4,0.6412375537584121,Northwestern State,Le Tourneau,4,4,0,0,NA,401179527,2019-11-05,
20,1,6:45,2205,2205,Victoria Miller Defensive Rebound.,8,2,6,4,0.6414931645846473,Northwestern State,Le Tourneau,4,4,0,0,NA,401179527,2019-11-05,
21,1,6:41,2201,2201,Jasmyn Johnson made Jumper.,10,2,8,12,0.6850944971135035,Northwestern State,Le Tourneau,4,4,0,0,NA,401179527,2019-11-05,Northwestern State
22,1,6:29,2189,2189,Bailey Lightfoot missed Three Point Jumper.,10,2,8,6,0.6860553069670133,Northwestern State,Le Tourneau,4,4,0,0,NA,401179527,2019-11-05,
23,1,6:23,2183,2183,Kira Bonner Defensive Rebound.,10,2,8,3,0.686536000852065,Northwestern State,Le Tourneau,4,4,0,0,NA,401179527,2019-11-05,
24,1,6:20,2180,2180,Kira Bonner made Layup.,12,2,10,0,0.7273788450119042,Northwestern State,Le Tourneau,4,4,0,0,NA,401179527,2019-11-05,Northwestern State
25,1,6:20,2180,2180,Foul on Vanessa Cruz.,12,2,10,0,0.7273788450119042,Northwestern State,Le Tourneau,4,4,0,0,NA,401179527,2019-11-05,
26,1,6:20,2180,2180,Kira Bonner made Free Throw.,13,2,11,13,0.7463994954020181,Northwestern State,Le Tourneau,4,4,0,0,NA,401179527,2019-11-05,Northwestern State
27,1,6:07,2167,2167,Foul on Leilani Moncrease.,13,2,11,0,0.7476593803853678,Northwestern State,Le Tourneau,4,4,0,0,NA,401179527,2019-11-05,
28,1,6:07,2167,2167,Flora Akingbade made Free Throw.,13,3,10,0,0.7285790405582838,Northwestern State,Le Tourneau,4,4,0,0,NA,401179527,2019-11-05,Le Tourneau
29,1,6:07,2167,2167,Flora Akingbade made Free Throw.,13,4,9,5,0.7086182391178714,Northwestern State,Le Tourneau,4,4,0,0,NA,401179527,2019-11-05,Le Tourneau
30,1,6:02,2162,2162,Gabby Bell Turnover.,13,4,9,0,0.7090522370383883,Northwestern State,Le Tourneau,4,4,0,0,NA,401179527,2019-11-05,
31,1,6:02,2162,2162,Keauna Whitfield Steal.,13,4,9,8,0.7090522370383883,Northwestern State,Le Tourneau,4,4,0,0,NA,401179527,2019-11-05,
32,1,5:54,2154,2154,Bailey Lightfoot made Three Point Jumper.,13,7,6,18,0.6447646542936069,Northwestern State,Le Tourneau,4,4,0,0,NA,401179527,2019-11-05,Le Tourneau
33,1,5:36,2136,2136,Victoria Miller missed Jumper.,13,7,6,5,0.6459274847868975,Northwestern State,Le Tourneau,4,4,0,0,NA,401179527,2019-11-05,
34,1,5:31,2131,2131,Flora Akingbade Defensive Rebound.,13,7,6,16,0.6462515307026645,Northwestern State,Le Tourneau,4,4,0,0,NA,401179527,2019-11-05,
35,1,5:15,2115,2115,Micayla Mikulski missed Jumper.,13,7,6,1,0.647291697010593,Northwestern State,Le Tourneau,4,4,0,0,NA,401179527,2019-11-05,
36,1,5:14,2114,2114,Karyn Ford Defensive Rebound.,13,7,6,16,0.6473568756391959,Northwestern State,Le Tourneau,4,4,0,0,NA,401179527,2019-11-05,
37,1,4:58,2098,2098,Karyn Ford made Three Point Jumper. Assisted by Victoria Miller.,16,7,9,13,0.7146420102087014,Northwestern State,Le Tourneau,4,4,0,0,NA,401179527,2019-11-05,Northwestern State
38,1,4:45,2085,2085,Vanessa Cruz Turnover.,16,7,9,0,0.7157867121614062,Northwestern State,Le Tourneau,4,4,0,0,NA,401179527,2019-11-05,
39,1,4:45,2085,2085,Karyn Ford Steal.,16,7,9,5,0.7157867121614062,Northwestern State,Le Tourneau,4,4,0,0,NA,401179527,2019-11-05,
40,1,4:40,2080,2080,Karyn Ford made Layup.,18,7,11,23,0.756127883242629,Northwestern State,Le Tourneau,4,4,0,0,NA,401179527,2019-11-05,Northwestern State
41,1,4:17,2057,2057,Bailey Lightfoot missed Three Point Jumper.,18,7,11,5,0.7583844561906246,Northwestern State,Le Tourneau,4,4,0,0,NA,401179527,2019-11-05,
42,1,4:12,2052,2052,Leilani Moncrease Defensive Rebound.,18,7,11,4,0.7588762742267343,Northwestern State,Le Tourneau,4,4,0,0,NA,401179527,2019-11-05,
43,1,4:08,2048,2048,Foul on Vanessa Cruz.,18,7,11,0,0.7592700710685033,Northwestern State,Le Tourneau,4,4,0,0,NA,401179527,2019-11-05,
