play_id,period,time_remaining_period,secs_remaining,secs_remaining_absolute,description,home_score,away_score,score_diff,play_length,win_prob,home,away,home_time_out_remaining,away_time_out_remaining,home_timeout_ind,away_timeout_ind,home_favored_by,game_id,date,whichScored
1,1,9:59,2399,2399,Foul on CSU Northridge.,0,0,0,0,0.5,CSU Northridge,USC,4,4,0,0,NA,401177492,2019-11-05,NA
2,1,9:59,2399,2399,Desiree Caldwell made Free Throw.,0,1,-1,0,0.47793349997585527,CSU Northridge,USC,4,4,0,0,NA,401177492,2019-11-05,USC
3,1,9:59,2399,2399,Desiree Caldwell missed Free Throw.,0,1,-1,0,0.47793349997585527,CSU Northridge,USC,4,4,0,0,NA,401177492,2019-11-05,
4,1,9:59,2399,2399,CSU Northridge Defensive Rebound.,0,1,-1,16,0.47793349997585527,CSU Northridge,USC,4,4,0,0,NA,401177492,2019-11-05,
5,1,9:43,2383,2383,Foul on De'Jionae Calloway.,0,1,-1,0,0.47776401818896236,CSU Northridge,USC,4,4,0,0,NA,401177492,2019-11-05,
6,1,9:43,2383,2383,De'Jionae Calloway Turnover.,0,1,-1,9,0.47776401818896236,CSU Northridge,USC,4,4,0,0,NA,401177492,2019-11-05,
7,1,9:34,2374,2374,Angel Jackson Turnover.,0,1,-1,37,0.4776678443658043,CSU Northridge,USC,4,4,0,0,NA,401177492,2019-11-05,
8,1,8:57,2337,2337,Lauren Shymkewicz missed Three Point Jumper.,0,1,-1,7,0.47726657013572665,CSU Northridge,USC,4,4,0,0,NA,401177492,2019-11-05,
9,1,8:50,2330,2330,Desiree Caldwell Defensive Rebound.,0,1,-1,1,0.4771896586860421,CSU Northridge,USC,4,4,0,0,NA,401177492,2019-11-05,
10,1,8:49,2329,2329,Kyra White Turnover.,0,1,-1,0,0.47717864708090213,CSU Northridge,USC,4,4,0,0,NA,401177492,2019-11-05,
11,1,8:49,2329,2329,De'Jionae Calloway Steal.,0,1,-1,11,0.47717864708090213,CSU Northridge,USC,4,4,0,0,NA,401177492,2019-11-05,
12,1,8:38,2318,2318,Meghann Henderson missed Three Point Jumper.,0,1,-1,4,0.4770571302290807,CSU Northridge,USC,4,4,0,0,NA,401177492,2019-11-05,
13,1,8:34,2314,2314,Endyia Rogers Defensive Rebound.,0,1,-1,13,0.4770127695922438,CSU Northridge,USC,4,4,0,0,NA,401177492,2019-11-05,
14,1,8:21,2301,2301,Angel Jackson missed Jumper.,0,1,-1,6,0.4768679886209129,CSU Northridge,USC,4,4,0,0,NA,401177492,2019-11-05,
15,1,8:15,2295,2295,De'Jionae Calloway Defensive Rebound.,0,1,-1,12,0.47680086405453603,CSU Northridge,USC,4,4,0,0,NA,401177492,2019-11-05,
16,1,8:03,2283,2283,Hayley Tanabe missed Jumper.,0,1,-1,2,0.4766660710166698,CSU Northridge,USC,4,4,0,0,NA,401177492,2019-11-05,
17,1,8:01,2281,2281,USC Defensive Rebound.,0,1,-1,0,0.4766435374630905,CSU Northridge,USC,4,4,0,0,NA,401177492,2019-11-05,
18,1,8:01,2281,2281,Foul on Meghann Henderson.,0,1,-1,4,0.4766435374630905,CSU Northridge,USC,4,4,0,0,NA,401177492,2019-11-05,
19,1,7:57,2277,2277,Kyra White Turnover.,0,1,-1,0,0.4765984139265295,CSU Northridge,USC,4,4,0,0,NA,401177492,2019-11-05,
20,1,7:57,2277,2277,De'Jionae Calloway Steal.,0,1,-1,0,0.4765984139265295,CSU Northridge,USC,4,4,0,0,NA,401177492,2019-11-05,
21,1,7:57,2277,2277,Foul on Jordyn Jackson.,0,1,-1,22,0.4765984139265295,CSU Northridge,USC,4,4,0,0,NA,401177492,2019-11-05,
22,1,7:35,2255,2255,De'Jionae Calloway made Layup.,2,1,1,11,0.5236510401070434,CSU Northridge,USC,4,4,0,0,NA,401177492,2019-11-05,CSU Northridge
23,1,7:24,2244,2244,Desiree Caldwell missed Three Point Jumper.,2,1,1,4,0.523776517028738,CSU Northridge,USC,4,4,0,0,NA,401177492,2019-11-05,
24,1,7:20,2240,2240,De'Jionae Calloway Defensive Rebound.,2,1,1,17,0.5238222592059711,CSU Northridge,USC,4,4,0,0,NA,401177492,2019-11-05,
25,1,7:03,2223,2223,Jordyn Jackson missed Three Point Jumper.,2,1,1,6,0.5240172928383114,CSU Northridge,USC,4,4,0,0,NA,401177492,2019-11-05,
26,1,6:57,2217,2217,Alissa Pili Defensive Rebound.,2,1,1,5,0.5240863551735258,CSU Northridge,USC,4,4,0,0,NA,401177492,2019-11-05,
27,1,6:52,2212,2212,Endyia Rogers made Jumper.,2,3,-1,0,0.4758560091939416,CSU Northridge,USC,4,4,0,0,NA,401177492,2019-11-05,USC
28,1,6:52,2212,2212,Foul on Deja Williams.,2,3,-1,0,0.4758560091939416,CSU Northridge,USC,4,4,0,0,NA,401177492,2019-11-05,
29,1,6:52,2212,2212,Endyia Rogers made Free Throw.,2,4,-2,0,0.45182435095395956,CSU Northridge,USC,4,4,0,0,NA,401177492,2019-11-05,USC
30,1,6:52,2212,2212,Endyia Rogers made Free Throw.,2,4,-2,0,0.45182435095395956,CSU Northridge,USC,4,4,0,0,NA,401177492,2019-11-05,
31,1,6:52,2212,2212,Foul on Jordyn Jackson.,2,4,-2,8,0.45182435095395956,CSU Northridge,USC,4,4,0,0,NA,401177492,2019-11-05,
32,1,6:44,2204,2204,Foul on Desiree Caldwell.,2,4,-2,5,0.4516409099352638,CSU Northridge,USC,4,4,0,0,NA,401177492,2019-11-05,
33,1,6:39,2199,2199,Foul on Deja Williams.,2,4,-2,17,0.45152608884743495,CSU Northridge,USC,4,4,0,0,NA,401177492,2019-11-05,
34,1,6:22,2182,2182,Foul on Deja Williams.,2,4,-2,0,0.4511348144998577,CSU Northridge,USC,4,4,0,0,NA,401177492,2019-11-05,
35,1,6:22,2182,2182,Stephanie Watts made Free Throw.,2,5,-3,0,0.4269930904046104,CSU Northridge,USC,4,4,0,0,NA,401177492,2019-11-05,USC
36,1,6:22,2182,2182,Stephanie Watts made Free Throw.,2,6,-4,0,0.40319424261009873,CSU Northridge,USC,4,4,0,0,NA,401177492,2019-11-05,USC
37,1,6:22,2182,2182,Foul on Angel Jackson.,2,6,-4,13,0.40319424261009873,CSU Northridge,USC,4,4,0,0,NA,401177492,2019-11-05,
38,1,6:09,2169,2169,Meghann Henderson missed Jumper.,2,6,-4,0,0.40261124230505546,CSU Northridge,USC,4,4,0,0,NA,401177492,2019-11-05,
39,1,6:09,2169,2169,Angel Jackson Block.,2,6,-4,6,0.40261124230505546,CSU Northridge,USC,4,4,0,0,NA,401177492,2019-11-05,
40,1,6:03,2163,2163,Endyia Rogers Defensive Rebound.,2,6,-4,4,0.40234166425059226,CSU Northridge,USC,4,4,0,0,NA,401177492,2019-11-05,
41,1,5:59,2159,2159,Alissa Pili missed Layup.,2,6,-4,0,0.4021616816415417,CSU Northridge,USC,4,4,0,0,NA,401177492,2019-11-05,
42,1,5:59,2159,2159,Lauren Shymkewicz Block.,2,6,-4,5,0.4021616816415417,CSU Northridge,USC,4,4,0,0,NA,401177492,2019-11-05,
43,1,5:54,2154,2154,Lauren Shymkewicz Defensive Rebound.,2,6,-4,3,0.4019363993305429,CSU Northridge,USC,4,4,0,0,NA,401177492,2019-11-05,
44,1,5:51,2151,2151,Olivia Smith made Jumper.,4,6,-2,9,0.4504177071016731,CSU Northridge,USC,4,4,0,0,NA,401177492,2019-11-05,CSU Northridge
45,1,5:42,2142,2142,Stephanie Watts missed Three Point Jumper.,4,6,-2,4,0.45020821827645324,CSU Northridge,USC,4,4,0,0,NA,401177492,2019-11-05,
46,1,5:38,2138,2138,CSU Northridge Defensive Rebound.,4,6,-2,0,0.45011490161899603,CSU Northridge,USC,4,4,0,0,NA,401177492,2019-11-05,
47,1,5:38,2138,2138,Jordyn Jackson Turnover.,4,6,-2,13,0.45011490161899603,CSU Northridge,USC,4,4,0,0,NA,401177492,2019-11-05,
48,1,5:25,2125,2125,Stephanie Watts missed Three Point Jumper.,4,6,-2,0,0.4498106956225497,CSU Northridge,USC,4,4,0,0,NA,401177492,2019-11-05,
49,1,5:25,2125,2125,Hayley Tanabe Defensive Rebound.,4,6,-2,0,0.4498106956225497,CSU Northridge,USC,4,4,0,0,NA,401177492,2019-11-05,
