play_id,period,time_remaining_period,secs_remaining,secs_remaining_absolute,description,home_score,away_score,score_diff,play_length,win_prob,home,away,home_time_out_remaining,away_time_out_remaining,home_timeout_ind,away_timeout_ind,home_favored_by,game_id,date,whichScored
1,1,9:40,2380,2380,Lindsey Pulliam Offensive Rebound.,0,0,0,4,0.5,Penn State,Northwestern,4,4,0,0,NA,400993765,2018-02-14,NA
2,1,9:36,2376,2376,Alisia Smith Block.,0,0,0,1,0.5,Penn State,Northwestern,4,4,0,0,NA,400993765,2018-02-14,
3,1,9:35,2375,2375,De'Janae Boykin Defensive Rebound.,0,0,0,21,0.5,Penn State,Northwestern,4,4,0,0,NA,400993765,2018-02-14,
4,1,9:14,2354,2354,Jordan Hamilton Defensive Rebound.,0,0,0,60,0.5,Penn State,Northwestern,4,4,0,0,NA,400993765,2018-02-14,
5,1,8:14,2294,2294,Jaida Travascio-Green Defensive Rebound.,2,2,0,7,0.5,Penn State,Northwestern,4,4,0,0,NA,400993765,2018-02-14,Penn State
6,1,8:07,2287,2287,Pallas Kunaiyi-Akpanah Steal.,2,2,0,40,0.5,Penn State,Northwestern,4,4,0,0,NA,400993765,2018-02-14,
7,1,7:27,2247,2247,Teniya Page Steal.,4,2,2,5,0.5473776731412484,Penn State,Northwestern,4,4,0,0,NA,400993765,2018-02-14,Penn State
8,1,7:22,2242,2242,Jordan Hamilton Steal.,4,2,2,9,0.5474911634847673,Penn State,Northwestern,4,4,0,0,NA,400993765,2018-02-14,
9,1,7:13,2233,2233,Jaida Travascio-Green Defensive Rebound.,4,2,2,9,0.5476958944832517,Penn State,Northwestern,4,4,0,0,NA,400993765,2018-02-14,
10,1,7:04,2224,2224,Pallas Kunaiyi-Akpanah Defensive Rebound.,4,2,2,39,0.547901169354246,Penn State,Northwestern,4,4,0,0,NA,400993765,2018-02-14,
11,1,6:25,2185,2185,Jaida Travascio-Green Offensive Rebound.,4,4,0,8,0.5,Penn State,Northwestern,4,4,0,0,NA,400993765,2018-02-14,Northwestern
12,1,6:17,2177,2177,Jordan Hamilton Steal.,4,4,0,4,0.5,Penn State,Northwestern,4,4,0,0,NA,400993765,2018-02-14,
13,1,6:13,2173,2173,Penn State Defensive Rebound.,4,4,0,16,0.5,Penn State,Northwestern,4,4,0,0,NA,400993765,2018-02-14,
14,1,5:57,2157,2157,Pallas Kunaiyi-Akpanah Defensive Rebound.,4,4,0,25,0.5,Penn State,Northwestern,4,4,0,0,NA,400993765,2018-02-14,
15,1,5:32,2132,2132,Teniya Page Steal.,4,4,0,2,0.5,Penn State,Northwestern,4,4,0,0,NA,400993765,2018-02-14,
16,1,5:30,2130,2130,Alisia Smith Offensive Rebound.,4,4,0,19,0.5,Penn State,Northwestern,4,4,0,0,NA,400993765,2018-02-14,
17,1,5:11,2111,2111,Siyeh Frazier Block.,6,4,2,2,0.5505185617369068,Penn State,Northwestern,4,4,0,0,NA,400993765,2018-02-14,Penn State
18,1,5:09,2109,2109,Abbie Wolf Offensive Rebound.,6,4,2,0,0.5505657434540481,Penn State,Northwestern,4,4,0,0,NA,400993765,2018-02-14,
19,1,5:09,2109,2109,Abbie Wolf missed Free Throw.,6,4,2,0,0.5505657434540481,Penn State,Northwestern,4,4,0,0,NA,400993765,2018-02-14,
20,1,5:09,2109,2109,Northwestern Deadball Team Rebound.,6,4,2,0,0.5505657434540481,Penn State,Northwestern,4,4,0,0,NA,400993765,2018-02-14,
21,1,5:09,2109,2109,Abbie Wolf missed Free Throw.,6,4,2,0,0.5505657434540481,Penn State,Northwestern,4,4,0,0,NA,400993765,2018-02-14,
22,1,5:09,2109,2109,De'Janae Boykin Defensive Rebound.,6,4,2,5,0.5505657434540481,Penn State,Northwestern,4,4,0,0,NA,400993765,2018-02-14,
23,1,5:04,2104,2104,Jordan Hamilton Defensive Rebound.,6,4,2,7,0.5506838603985946,Penn State,Northwestern,4,4,0,0,NA,400993765,2018-02-14,
24,1,4:57,2097,2097,Jaylen Williams Defensive Rebound.,6,4,2,41,0.5508496210603158,Penn State,Northwestern,4,4,0,0,NA,400993765,2018-02-14,
25,1,4:16,2056,2056,Kamaria McDaniel Defensive Rebound.,6,4,2,8,0.551830387437749,Penn State,Northwestern,4,4,0,0,NA,400993765,2018-02-14,
26,1,4:08,2048,2048,Abbie Wolf Defensive Rebound.,6,4,2,20,0.5520238475079546,Penn State,Northwestern,4,4,0,0,NA,400993765,2018-02-14,
27,1,3:48,2028,2028,De'Janae Boykin Defensive Rebound.,6,4,2,11,0.5525107003576515,Penn State,Northwestern,4,4,0,0,NA,400993765,2018-02-14,
28,1,3:37,2017,2017,Jaylen Williams Offensive Rebound.,6,4,2,24,0.5527804937127703,Penn State,Northwestern,4,4,0,0,NA,400993765,2018-02-14,
29,1,3:13,1993,1993,Abbie Wolf Steal.,6,4,2,9,0.5533743774178698,Penn State,Northwestern,4,4,0,0,NA,400993765,2018-02-14,
30,1,3:04,1984,1984,Jaylen Williams Defensive Rebound.,6,4,2,27,0.5535990104797295,Penn State,Northwestern,4,4,0,0,NA,400993765,2018-02-14,
31,1,2:37,1957,1957,Abi Scheid Offensive Rebound.,8,4,4,5,0.6072946033622159,Penn State,Northwestern,4,4,0,0,NA,400993765,2018-02-14,Penn State
32,1,2:32,1952,1952,Jaylen Williams Defensive Rebound.,8,4,4,3,0.6075400688299025,Penn State,Northwestern,4,4,0,0,NA,400993765,2018-02-14,
33,1,2:29,1949,1949,Amari Carter made Free Throw.,9,4,5,0,0.6334400842009137,Penn State,Northwestern,4,4,0,0,NA,400993765,2018-02-14,Penn State
34,1,2:29,1949,1949,Amari Carter made Free Throw.,10,4,6,23,0.6584521602713852,Penn State,Northwestern,4,4,0,0,NA,400993765,2018-02-14,Penn State
35,1,2:06,1926,1926,Jaylen Williams Defensive Rebound.,10,4,6,5,0.6600632688505107,Penn State,Northwestern,4,4,0,0,NA,400993765,2018-02-14,
36,1,2:01,1921,1921,Pallas Kunaiyi-Akpanah Steal.,10,4,6,1,0.6604142711286558,Penn State,Northwestern,4,4,0,0,NA,400993765,2018-02-14,
37,1,2:00,1920,1920,Lindsey Pulliam missed Free Throw.,10,4,6,0,0.6604844178015479,Penn State,Northwestern,4,4,0,0,NA,400993765,2018-02-14,
38,1,2:00,1920,1920,Northwestern Deadball Team Rebound.,10,4,6,0,0.6604844178015479,Penn State,Northwestern,4,4,0,0,NA,400993765,2018-02-14,
39,1,2:00,1920,1920,Lindsey Pulliam made Free Throw.,10,5,5,34,0.6351893613636804,Penn State,Northwestern,4,4,0,0,NA,400993765,2018-02-14,Northwestern
40,1,1:26,1886,1886,Siyeh Frazier Steal.,13,5,8,84,0.7112438961227053,Penn State,Northwestern,4,4,0,0,NA,400993765,2018-02-14,Penn State
41,1,0:02,1802,1802,Bry Hopkins Steal.,15,7,8,2,0.7184435580155359,Penn State,Northwestern,4,4,0,0,NA,400993765,2018-02-14,Penn State
42,1,0:00,1800,1800,End of 1st Quarter,15,7,8,19,0.7186165494009514,Penn State,Northwestern,4,4,0,0,NA,400993765,2018-02-14,
43,2,9:41,1781,1781,Jaida Travascio-Green Defensive Rebound.,15,7,8,68,0.7202669646735935,Penn State,Northwestern,4,4,0,0,NA,400993765,2018-02-14,
44,2,8:33,1713,1713,Alisia Smith Offensive Rebound.,17,9,8,3,0.7263180683782426,Penn State,Northwestern,4,4,0,0,NA,400993765,2018-02-14,Penn State
45,2,8:30,1710,1710,Pallas Kunaiyi-Akpanah Block.,17,9,8,2,0.7265916728396828,Penn State,Northwestern,4,4,0,0,NA,400993765,2018-02-14,
46,2,8:28,1708,1708,Pallas Kunaiyi-Akpanah Defensive Rebound.,17,9,8,38,0.7267744415650238,Penn State,Northwestern,4,4,0,0,NA,400993765,2018-02-14,
47,2,7:50,1670,1670,Northwestern Defensive Rebound.,17,12,5,31,0.6507776210489441,Penn State,Northwestern,4,4,0,0,NA,400993765,2018-02-14,Northwestern
48,2,7:19,1639,1639,Jaylen Williams Defensive Rebound.,17,12,5,35,0.6527482860491691,Penn State,Northwestern,4,4,0,0,NA,400993765,2018-02-14,
49,2,6:44,1604,1604,Jaida Travascio-Green Block.,20,12,8,2,0.73597633040186206,Penn State,Northwestern,4,4,0,0,NA,400993765,2018-02-14,Penn State
50,2,6:42,1602,1602,Pallas Kunaiyi-Akpanah Offensive Rebound.,20,12,8,11,0.7361457896313953,Penn State,Northwestern,4,4,0,0,NA,400993765,2018-02-14,
51,2,6:31,1591,1591,Pallas Kunaiyi-Akpanah made Free Throw.,20,13,7,11,0.7113557246388608,Penn State,Northwestern,4,4,0,0,NA,400993765,2018-02-14,Northwestern
52,2,6:20,1580,1580,Pallas Kunaiyi-Akpanah made Free Throw.,20,14,6,7,0.684975652249574,Penn State,Northwestern,4,4,0,0,NA,400993765,2018-02-14,Northwestern
53,2,6:13,1573,1573,Pallas Kunaiyi-Akpanah Steal.,20,14,6,30,0.6854730764722491,Penn State,Northwestern,4,4,0,0,NA,400993765,2018-02-14,
54,2,5:43,1543,1543,Alisia Smith Block.,20,16,4,3,0.6285593285136819,Penn State,Northwestern,4,4,0,0,NA,400993765,2018-02-14,Northwestern
55,2,5:40,1540,1540,De'Janae Boykin Defensive Rebound.,20,16,4,16,0.6287179167243605,Penn State,Northwestern,4,4,0,0,NA,400993765,2018-02-14,
56,2,5:24,1524,1524,Lindsey Pulliam Defensive Rebound.,20,16,4,17,0.6295737979277718,Penn State,Northwestern,4,4,0,0,NA,400993765,2018-02-14,
57,2,5:07,1507,1507,Teniya Page Defensive Rebound.,20,16,4,7,0.6305051821717169,Penn State,Northwestern,4,4,0,0,NA,400993765,2018-02-14,
58,2,5:00,1500,1500,Jordan Hamilton Block.,20,16,4,0,0.6308964171719894,Penn State,Northwestern,4,4,0,0,NA,400993765,2018-02-14,
59,2,5:00,1500,1500,Penn State Offensive Rebound.,20,16,4,100,0.6308964171719894,Penn State,Northwestern,4,4,0,0,NA,400993765,2018-02-14,
60,2,3:20,1400,1400,Penn State Offensive Rebound.,24,20,4,22,0.6368375667033723,Penn State,Northwestern,4,4,0,0,NA,400993765,2018-02-14,Penn State
61,2,2:58,1378,1378,Abbie Wolf Defensive Rebound.,24,20,4,26,0.638088715639786,Penn State,Northwestern,4,4,0,0,NA,400993765,2018-02-14,
62,2,2:32,1352,1352,Lindsey Pulliam Offensive Rebound.,24,20,4,4,0.6395571929262179,Penn State,Northwestern,4,4,0,0,NA,400993765,2018-02-14,
63,2,2:28,1348,1348,Siyeh Frazier Block.,24,20,4,2,0.6397840240726572,Penn State,Northwestern,4,4,0,0,NA,400993765,2018-02-14,
64,2,2:26,1346,1346,Siyeh Frazier Defensive Rebound.,24,20,4,4,0.6398976465485583,Penn State,Northwestern,4,4,0,0,NA,400993765,2018-02-14,
65,2,2:22,1342,1342,De'Janae Boykin Offensive Rebound.,24,20,4,37,0.6401253774653898,Penn State,Northwestern,4,4,0,0,NA,400993765,2018-02-14,
66,2,1:45,1305,1305,Alisia Smith Offensive Rebound.,24,22,2,47,0.5726427109396428,Penn State,Northwestern,4,4,0,0,NA,400993765,2018-02-14,Northwestern
67,2,0:58,1258,1258,Abi Scheid Defensive Rebound.,26,24,2,14,0.5742286944061447,Penn State,Northwestern,4,4,0,0,NA,400993765,2018-02-14,Penn State
68,2,0:44,1244,1244,Pallas Kunaiyi-Akpanah Offensive Rebound.,26,24,2,41,0.5747422362360166,Penn State,Northwestern,4,4,0,0,NA,400993765,2018-02-14,
69,2,0:03,1203,1203,Lindsey Pulliam Block.,26,26,0,1,0.5,Penn State,Northwestern,4,4,0,0,NA,400993765,2018-02-14,Northwestern
70,2,0:02,1202,1202,Penn State Offensive Rebound.,26,26,0,2,0.5,Penn State,Northwestern,4,4,0,0,NA,400993765,2018-02-14,
71,2,0:00,1200,1200,End of 2nd Quarter,26,26,0,25,0.5,Penn State,Northwestern,4,4,0,0,NA,400993765,2018-02-14,
72,3,9:35,1175,1175,Teniya Page made Free Throw.,27,26,1,0,0.5389945451606561,Penn State,Northwestern,5,5,0,0,NA,400993765,2018-02-14,Penn State
73,3,9:35,1175,1175,Teniya Page made Free Throw.,28,26,2,15,0.5775176051304499,Penn State,Northwestern,5,5,0,0,NA,400993765,2018-02-14,Penn State
74,3,9:20,1160,1160,Pallas Kunaiyi-Akpanah Offensive Rebound.,28,26,2,3,0.5781063457043811,Penn State,Northwestern,5,5,0,0,NA,400993765,2018-02-14,
75,3,9:17,1157,1157,De'Janae Boykin Defensive Rebound.,28,26,2,6,0.5782231505283117,Penn State,Northwestern,5,5,0,0,NA,400993765,2018-02-14,
76,3,9:11,1151,1151,Pallas Kunaiyi-Akpanah Steal.,28,26,2,27,0.5784561050861952,Penn State,Northwestern,5,5,0,0,NA,400993765,2018-02-14,
77,3,8:44,1124,1124,Pallas Kunaiyi-Akpanah made Free Throw.,28,29,-1,15,0.45999517860140965,Penn State,Northwestern,5,5,0,0,NA,400993765,2018-02-14,Northwestern
78,3,8:29,1109,1109,Abi Scheid Defensive Rebound.,28,29,-1,42,0.45969725520359156,Penn State,Northwestern,5,5,0,0,NA,400993765,2018-02-14,
79,3,7:47,1067,1067,Jordan Hamilton Steal.,28,31,-3,3,0.3786840529510994,Penn State,Northwestern,5,5,0,0,NA,400993765,2018-02-14,Northwestern
80,3,7:44,1064,1064,Pallas Kunaiyi-Akpanah Offensive Rebound.,28,31,-3,12,0.3785007818778264,Penn State,Northwestern,5,5,0,0,NA,400993765,2018-02-14,
81,3,7:32,1052,1052,Amari Carter Offensive Rebound.,28,31,-3,83,0.377754606198089,Penn State,Northwestern,5,5,0,0,NA,400993765,2018-02-14,
82,3,6:09,969,969,Siyeh Frazier Defensive Rebound.,30,33,-3,36,0.37177815828372335,Penn State,Northwestern,5,5,0,0,NA,400993765,2018-02-14,Penn State
83,3,5:33,933,933,Northwestern Defensive Rebound.,30,33,-3,22,0.36909443027689987,Penn State,Northwestern,5,5,0,0,NA,400993765,2018-02-14,
84,3,5:11,911,911,Jaylen Williams Block.,30,33,-3,4,0.3676563710955497,Penn State,Northwestern,5,5,0,0,NA,400993765,2018-02-14,
85,3,5:07,907,907,Abi Scheid Offensive Rebound.,30,33,-3,7,0.3674052750496156,Penn State,Northwestern,5,5,0,0,NA,400993765,2018-02-14,
86,3,5:00,900,900,Pallas Kunaiyi-Akpanah Defensive Rebound.,30,35,-5,75,0.28726156975553446,Penn State,Northwestern,5,5,0,0,NA,400993765,2018-02-14,Northwestern
87,3,3:45,825,825,Jaylen Williams Defensive Rebound.,30,38,-8,22,0.1811892928900425,Penn State,Northwestern,5,5,0,0,NA,400993765,2018-02-14,Northwestern
88,3,3:23,803,803,Alisia Smith Block.,30,38,-8,1,0.17843727301240309,Penn State,Northwestern,5,5,0,0,NA,400993765,2018-02-14,
89,3,3:22,802,802,Northwestern Offensive Rebound.,30,38,-8,27,0.178305135553808,Penn State,Northwestern,5,5,0,0,NA,400993765,2018-02-14,
90,3,2:55,775,775,Byrdy Galernik Defensive Rebound.,30,40,-10,18,0.1253217413687013,Penn State,Northwestern,5,5,0,0,NA,400993765,2018-02-14,Northwestern
91,3,2:37,757,757,Byrdy Galernik made Free Throw.,30,41,-11,0,0.10291041139623003,Penn State,Northwestern,5,5,0,0,NA,400993765,2018-02-14,Northwestern
92,3,2:37,757,757,Byrdy Galernik made Free Throw.,30,42,-12,20,0.08610548111024224,Penn State,Northwestern,5,5,0,0,NA,400993765,2018-02-14,Northwestern
93,3,2:17,737,737,Alisia Smith made Free Throw.,31,42,-11,0,0.0996904752249218,Penn State,Northwestern,5,5,0,0,NA,400993765,2018-02-14,Penn State
94,3,2:17,737,737,Alisia Smith made Free Throw.,32,42,-10,30,0.11913913098509266,Penn State,Northwestern,5,5,0,0,NA,400993765,2018-02-14,Penn State
95,3,1:47,707,707,Northwestern Defensive Rebound.,32,44,-12,19,0.07862029036170716,Penn State,Northwestern,5,5,0,0,NA,400993765,2018-02-14,Northwestern
96,3,1:28,688,688,Jaida Travascio-Green Defensive Rebound.,32,44,-12,26,0.07625130635188315,Penn State,Northwestern,5,5,0,0,NA,400993765,2018-02-14,
97,3,1:02,662,662,Abi Scheid missed Free Throw.,32,44,-12,0,0.07333620729027387,Penn State,Northwestern,5,5,0,0,NA,400993765,2018-02-14,
98,3,1:02,662,662,Northwestern Deadball Team Rebound.,32,44,-12,0,0.07333620729027387,Penn State,Northwestern,5,5,0,0,NA,400993765,2018-02-14,
99,3,1:02,662,662,Abi Scheid made Free Throw.,32,45,-13,13,0.060204545144561125,Penn State,Northwestern,5,5,0,0,NA,400993765,2018-02-14,Northwestern
100,3,0:49,649,649,Teniya Page made Free Throw.,35,45,-10,29,0.10609721439733182,Penn State,Northwestern,5,5,0,0,NA,400993765,2018-02-14,Penn State
101,3,0:20,620,620,Northwestern Deadball Team Rebound.,35,45,-10,20,0.10220053199576837,Penn State,Northwestern,5,5,0,0,NA,400993765,2018-02-14,
102,3,0:00,600,600,End of 3rd Quarter,37,45,-8,15,0.14615880788992122,Penn State,Northwestern,5,5,0,0,NA,400993765,2018-02-14,Penn State
103,4,9:45,585,585,Jaida Travascio-Green Steal.,37,45,-8,54,0.14332431616701347,Penn State,Northwestern,6,6,0,0,NA,400993765,2018-02-14,
104,4,8:51,531,531,Siyeh Frazier Steal.,41,45,-4,45,0.27962967524028093,Penn State,Northwestern,6,6,0,0,NA,400993765,2018-02-14,Penn State
105,4,8:06,486,486,Teniya Page Steal.,46,45,1,24,0.5611538148695644,Penn State,Northwestern,6,6,0,0,NA,400993765,2018-02-14,Penn State
106,4,7:42,462,462,Pallas Kunaiyi-Akpanah Defensive Rebound.,46,45,1,13,0.5625631154578948,Penn State,Northwestern,6,6,0,0,NA,400993765,2018-02-14,
107,4,7:29,449,449,Amari Carter Steal.,46,45,1,47,0.5635084005649097,Penn State,Northwestern,6,6,0,0,NA,400993765,2018-02-14,
108,4,6:42,402,402,Teniya Page made Free Throw.,49,47,2,0,0.6333008661884589,Penn State,Northwestern,6,6,0,0,NA,400993765,2018-02-14,Penn State
109,4,6:42,402,402,Teniya Page made Free Throw.,50,47,3,13,0.6941526660575449,Penn State,Northwestern,6,6,0,0,NA,400993765,2018-02-14,Penn State
110,4,6:29,389,389,Pallas Kunaiyi-Akpanah Offensive Rebound.,50,47,3,3,0.6971582340725513,Penn State,Northwestern,6,6,0,0,NA,400993765,2018-02-14,
111,4,6:26,386,386,De'Janae Boykin Defensive Rebound.,50,47,3,24,0.6978560251652797,Penn State,Northwestern,6,6,0,0,NA,400993765,2018-02-14,
112,4,6:02,362,362,Pallas Kunaiyi-Akpanah Defensive Rebound.,50,47,3,21,0.7037655658439087,Penn State,Northwestern,6,6,0,0,NA,400993765,2018-02-14,
113,4,5:41,341,341,Jordan Hamilton Defensive Rebound.,50,49,1,12,0.5740155589293865,Penn State,Northwestern,6,6,0,0,NA,400993765,2018-02-14,Northwestern
114,4,5:29,329,329,Pallas Kunaiyi-Akpanah Offensive Rebound.,50,49,1,27,0.5756440262136455,Penn State,Northwestern,6,6,0,0,NA,400993765,2018-02-14,
115,4,5:02,302,302,Jaida Travascio-Green made Free Throw.,51,51,0,0,0.5,Penn State,Northwestern,6,6,0,0,NA,400993765,2018-02-14,Penn State
116,4,5:02,302,302,Jaida Travascio-Green made Free Throw.,52,51,1,15,0.5798477663254148,Penn State,Northwestern,6,6,0,0,NA,400993765,2018-02-14,Penn State
117,4,4:47,287,287,Siyeh Frazier made Free Throw.,54,51,3,0,0.7260225733272759,Penn State,Northwestern,6,6,0,0,NA,400993765,2018-02-14,Penn State
118,4,4:47,287,287,Siyeh Frazier made Free Throw.,53,51,2,0,0.6569406598514745,Penn State,Northwestern,6,6,0,0,NA,400993765,2018-02-14,
119,4,4:47,287,287,Siyeh Frazier Steal.,53,51,2,22,0.6569406598514745,Penn State,Northwestern,6,6,0,0,NA,400993765,2018-02-14,
120,4,4:25,265,265,Teniya Page Defensive Rebound.,54,51,3,89,0.7233596799505889,Penn State,Northwestern,6,6,0,0,NA,400993765,2018-02-14,Penn State
121,4,2:56,176,176,Jordan Hamilton Defensive Rebound.,59,55,4,13,0.8230397841695035,Penn State,Northwestern,6,6,0,0,NA,400993765,2018-02-14,Penn State
122,4,2:43,163,163,Siyeh Frazier Steal.,59,55,4,2,0.8391449097333985,Penn State,Northwestern,6,6,0,0,NA,400993765,2018-02-14,
123,4,2:41,161,161,Siyeh Frazier made Free Throw.,60,55,5,0,0.8897177170899702,Penn State,Northwestern,6,6,0,0,NA,400993765,2018-02-14,Penn State
124,4,2:41,161,161,Siyeh Frazier made Free Throw.,61,55,6,15,0.9245218269589321,Penn State,Northwestern,6,6,0,0,NA,400993765,2018-02-14,Penn State
125,4,2:26,146,146,Amari Carter Defensive Rebound.,61,55,6,32,0.938537944630103,Penn State,Northwestern,6,6,0,0,NA,400993765,2018-02-14,
126,4,1:54,114,114,Pallas Kunaiyi-Akpanah Defensive Rebound.,61,55,6,19,0.9648379660125137,Penn State,Northwestern,6,6,0,0,NA,400993765,2018-02-14,
127,4,1:35,95,95,Siyeh Frazier made Free Throw.,62,57,5,0,0.958466523162768,Penn State,Northwestern,6,6,0,0,NA,400993765,2018-02-14,Penn State
128,4,1:35,95,95,Siyeh Frazier missed Free Throw.,62,57,5,0,0.958466523162768,Penn State,Northwestern,6,6,0,0,NA,400993765,2018-02-14,
129,4,1:35,95,95,Pallas Kunaiyi-Akpanah Defensive Rebound.,62,57,5,27,0.958466523162768,Penn State,Northwestern,6,6,0,0,NA,400993765,2018-02-14,
130,4,1:08,68,68,Penn State Defensive Rebound.,62,57,5,7,0.9775627097826163,Penn State,Northwestern,6,6,0,0,NA,400993765,2018-02-14,
131,4,1:01,61,61,Amari Carter made Free Throw.,63,57,6,0,0.9914100405717468,Penn State,Northwestern,6,6,0,0,NA,400993765,2018-02-14,Penn State
132,4,1:01,61,61,Amari Carter missed Free Throw.,63,57,6,0,0.9914100405717468,Penn State,Northwestern,6,6,0,0,NA,400993765,2018-02-14,
133,4,1:01,61,61,Byrdy Galernik Defensive Rebound.,63,57,6,19,0.9914100405717468,Penn State,Northwestern,6,6,0,0,NA,400993765,2018-02-14,
134,4,0:42,42,42,Amari Carter Steal.,63,57,6,28,0.9954471657260666,Penn State,Northwestern,6,6,0,0,NA,400993765,2018-02-14,
135,4,0:14,14,14,Teniya Page made Free Throw.,66,59,7,0,0.9994649574914116,Penn State,Northwestern,6,6,0,0,NA,400993765,2018-02-14,Penn State
136,4,0:14,14,14,Teniya Page made Free Throw.,67,59,8,11,0.9998175257600757,Penn State,Northwestern,6,6,0,0,NA,400993765,2018-02-14,Penn State
137,4,0:03,3,3,Siyeh Frazier Block.,67,59,8,1,0.9999022597418413,Penn State,Northwestern,6,6,0,0,NA,400993765,2018-02-14,
138,4,0:02,2,2,Siyeh Frazier Defensive Rebound.,67,59,8,2,0.9999077904245814,Penn State,Northwestern,6,6,0,0,NA,400993765,2018-02-14,
139,4,0:00,0,0,End of Game,67,59,8,0,1,Penn State,Northwestern,6,6,0,0,NA,400993765,2018-02-14,
