play_id,period,time_remaining_period,secs_remaining,secs_remaining_absolute,description,home_score,away_score,score_diff,play_length,win_prob,home,away,home_time_out_remaining,away_time_out_remaining,home_timeout_ind,away_timeout_ind,home_favored_by,game_id,date,whichScored
1,1,9:44,2384,2384,Maddie Simon Defensive Rebound.,0,0,0,29,0.5,Michigan State,Nebraska,4,4,0,0,NA,400993686,2018-02-14,NA
2,1,9:15,2355,2355,Kate Cain Defensive Rebound.,0,3,-3,11,0.43275286569100113,Michigan State,Nebraska,4,4,0,0,NA,400993686,2018-02-14,Nebraska
3,1,9:04,2344,2344,Nicea Eliely missed Free Throw.,0,3,-3,0,0.4323994302490607,Michigan State,Nebraska,4,4,0,0,NA,400993686,2018-02-14,
4,1,9:04,2344,2344,Nebraska Deadball Team Rebound.,0,3,-3,0,0.4323994302490607,Michigan State,Nebraska,4,4,0,0,NA,400993686,2018-02-14,
5,1,9:04,2344,2344,Nicea Eliely made Free Throw.,0,4,-4,19,0.41029219917368803,Michigan State,Nebraska,4,4,0,0,NA,400993686,2018-02-14,Nebraska
6,1,8:45,2325,2325,Taya Reimer Offensive Rebound.,0,4,-4,81,0.40948308184870913,Michigan State,Nebraska,4,4,0,0,NA,400993686,2018-02-14,
7,1,7:24,2244,2244,Victoria Gaines Defensive Rebound.,5,7,-2,8,0.4525542545819073,Michigan State,Nebraska,4,4,0,0,NA,400993686,2018-02-14,Michigan State
8,1,7:16,2236,2236,Hannah Whitish Defensive Rebound.,5,7,-2,23,0.45237241150382773,Michigan State,Nebraska,4,4,0,0,NA,400993686,2018-02-14,
9,1,6:53,2213,2213,Michigan State Defensive Rebound.,5,7,-2,25,0.45184725637842443,Michigan State,Nebraska,4,4,0,0,NA,400993686,2018-02-14,
10,1,6:28,2188,2188,Hannah Whitish Steal.,5,7,-2,19,0.45127305785881405,Michigan State,Nebraska,4,4,0,0,NA,400993686,2018-02-14,
11,1,6:09,2169,2169,Taryn McCutcheon Steal.,5,7,-2,22,0.45083480168459683,Michigan State,Nebraska,4,4,0,0,NA,400993686,2018-02-14,
12,1,5:47,2147,2147,Branndais Agee made Free Throw.,6,7,-1,0,0.4751007457581863,Michigan State,Nebraska,4,4,0,0,NA,400993686,2018-02-14,Michigan State
13,1,5:47,2147,2147,Branndais Agee made Free Throw.,7,7,0,68,0.5,Michigan State,Nebraska,4,4,0,0,NA,400993686,2018-02-14,Michigan State
14,1,4:39,2079,2079,Branndais Agee Steal.,9,10,-1,25,0.47429319448595114,Michigan State,Nebraska,4,4,0,0,NA,400993686,2018-02-14,Michigan State
15,1,4:14,2054,2054,Taryn McCutcheon Steal.,9,10,-1,6,0.4739904657841277,Michigan State,Nebraska,4,4,0,0,NA,400993686,2018-02-14,
16,1,4:08,2048,2048,Rachel Blackburn Defensive Rebound.,9,10,-1,16,0.4739172918013723,Michigan State,Nebraska,4,4,0,0,NA,400993686,2018-02-14,
17,1,3:52,2032,2032,Jenna Allen Steal.,9,10,-1,7,0.4737211318323147,Michigan State,Nebraska,4,4,0,0,NA,400993686,2018-02-14,
18,1,3:45,2025,2025,Taylor Kissinger Steal.,9,10,-1,16,0.473634827780912,Michigan State,Nebraska,4,4,0,0,NA,400993686,2018-02-14,
19,1,3:29,2009,2009,Jasmine Cincore Offensive Rebound.,9,10,-1,7,0.4734364142056067,Michigan State,Nebraska,4,4,0,0,NA,400993686,2018-02-14,
20,1,3:22,2002,2002,Jasmine Cincore Offensive Rebound.,9,10,-1,38,0.47334909267103764,Michigan State,Nebraska,4,4,0,0,NA,400993686,2018-02-14,
21,1,2:44,1964,1964,Jasmine Cincore Defensive Rebound.,9,12,-3,79,0.4192413207664321,Michigan State,Nebraska,4,4,0,0,NA,400993686,2018-02-14,Nebraska
22,1,1:25,1885,1885,Branndais Agee Defensive Rebound.,11,17,-6,10,0.3370681372849355,Michigan State,Nebraska,4,4,0,0,NA,400993686,2018-02-14,Michigan State
23,1,1:15,1875,1875,Lexi Gussert made Free Throw.,12,17,-5,0,0.36210021255014346,Michigan State,Nebraska,4,4,0,0,NA,400993686,2018-02-14,Michigan State
24,1,1:15,1875,1875,Lexi Gussert missed Free Throw.,12,17,-5,0,0.36210021255014346,Michigan State,Nebraska,4,4,0,0,NA,400993686,2018-02-14,
25,1,1:15,1875,1875,Maddie Simon Defensive Rebound.,12,17,-5,39,0.36210021255014346,Michigan State,Nebraska,4,4,0,0,NA,400993686,2018-02-14,
26,1,0:36,1836,1836,Taryn McCutcheon Offensive Rebound.,12,19,-7,17,0.30851984826100226,Michigan State,Nebraska,4,4,0,0,NA,400993686,2018-02-14,Nebraska
27,1,0:19,1819,1819,Victoria Gaines Offensive Rebound.,12,19,-7,19,0.3071814088871282,Michigan State,Nebraska,4,4,0,0,NA,400993686,2018-02-14,
28,1,0:00,1800,1800,End of 1st Quarter,15,19,-4,9,0.38489917366219123,Michigan State,Nebraska,4,4,0,0,NA,400993686,2018-02-14,Michigan State
29,2,9:51,1791,1791,Lexi Gussert Defensive Rebound.,15,19,-4,47,0.38444219164556065,Michigan State,Nebraska,4,4,0,0,NA,400993686,2018-02-14,
30,2,9:04,1744,1744,Taya Reimer Defensive Rebound.,17,19,-2,54,0.4401617384653906,Michigan State,Nebraska,4,4,0,0,NA,400993686,2018-02-14,Michigan State
31,2,8:10,1690,1690,Nicea Eliely Steal.,19,22,-3,3,0.4085391441373022,Michigan State,Nebraska,4,4,0,0,NA,400993686,2018-02-14,Michigan State
32,2,8:07,1687,1687,Lexi Gussert Defensive Rebound.,19,22,-3,38,0.40841184843396305,Michigan State,Nebraska,4,4,0,0,NA,400993686,2018-02-14,
33,2,7:29,1649,1649,Branndais Agee Defensive Rebound.,21,22,-1,9,0.46862281041906856,Michigan State,Nebraska,4,4,0,0,NA,400993686,2018-02-14,Michigan State
34,2,7:20,1640,1640,Nicea Eliely Defensive Rebound.,21,22,-1,93,0.46849850837981005,Michigan State,Nebraska,4,4,0,0,NA,400993686,2018-02-14,
35,2,5:47,1547,1547,Jasmine Cincore Defensive Rebound.,25,27,-2,16,0.43473214840967955,Michigan State,Nebraska,4,4,0,0,NA,400993686,2018-02-14,Michigan State
36,2,5:31,1531,1531,Jasmine Cincore Offensive Rebound.,25,27,-2,77,0.4342855875824481,Michigan State,Nebraska,4,4,0,0,NA,400993686,2018-02-14,
37,2,4:14,1454,1454,Shay Colley Defensive Rebound.,29,30,-1,78,0.46582045923575116,Michigan State,Nebraska,4,4,0,0,NA,400993686,2018-02-14,Michigan State
38,2,2:56,1376,1376,Shay Colley Steal.,35,33,2,4,0.5704736248183312,Michigan State,Nebraska,4,4,0,0,NA,400993686,2018-02-14,Michigan State
39,2,2:52,1372,1372,Hannah Whitish Defensive Rebound.,35,33,2,9,0.570593466680972,Michigan State,Nebraska,4,4,0,0,NA,400993686,2018-02-14,
40,2,2:43,1363,1363,Janay Morton Offensive Rebound.,35,33,2,20,0.5708630521351009,Michigan State,Nebraska,4,4,0,0,NA,400993686,2018-02-14,
41,2,2:23,1343,1343,Sidney Cooks Defensive Rebound.,35,33,2,10,0.5714649136906267,Michigan State,Nebraska,4,4,0,0,NA,400993686,2018-02-14,
42,2,2:13,1333,1333,Shay Colley made Free Throw.,38,33,5,17,0.6731974225352674,Michigan State,Nebraska,4,4,0,0,NA,400993686,2018-02-14,Michigan State
43,2,1:56,1316,1316,Jenna Allen Steal.,38,33,5,15,0.6743775117924127,Michigan State,Nebraska,4,4,0,0,NA,400993686,2018-02-14,
44,2,1:41,1301,1301,Taylor Kissinger Defensive Rebound.,38,33,5,38,0.6754444543999164,Michigan State,Nebraska,4,4,0,0,NA,400993686,2018-02-14,
45,2,1:03,1263,1263,Nebraska Defensive Rebound.,38,36,2,54,0.5740504965971964,Michigan State,Nebraska,4,4,0,0,NA,400993686,2018-02-14,Nebraska
46,2,0:09,1209,1209,Taryn McCutcheon Steal.,38,38,0,3,0.5,Michigan State,Nebraska,4,4,0,0,NA,400993686,2018-02-14,Nebraska
47,2,0:06,1206,1206,Michigan State Offensive Rebound.,38,38,0,3,0.5,Michigan State,Nebraska,4,4,0,0,NA,400993686,2018-02-14,
48,2,0:03,1203,1203,Jenna Allen made Free Throw.,39,38,1,0,0.5384181111416124,Michigan State,Nebraska,4,4,0,0,NA,400993686,2018-02-14,Michigan State
49,2,0:03,1203,1203,Jenna Allen made Free Throw.,40,38,2,3,0.5763852586073499,Michigan State,Nebraska,4,4,0,0,NA,400993686,2018-02-14,Michigan State
50,2,0:00,1200,1200,End of 2nd Quarter,40,38,2,32,0.5765093285143758,Michigan State,Nebraska,4,4,0,0,NA,400993686,2018-02-14,
51,3,9:28,1168,1168,Kate Cain Defensive Rebound.,40,40,0,12,0.5,Michigan State,Nebraska,5,5,0,0,NA,400993686,2018-02-14,Nebraska
52,3,9:16,1156,1156,Jasmine Cincore Defensive Rebound.,40,40,0,29,0.5,Michigan State,Nebraska,5,5,0,0,NA,400993686,2018-02-14,
53,3,8:47,1127,1127,Kate Cain Block.,40,42,-2,1,0.4206155338275931,Michigan State,Nebraska,5,5,0,0,NA,400993686,2018-02-14,Nebraska
54,3,8:46,1126,1126,Hannah Whitish Defensive Rebound.,40,42,-2,51,0.4205768001642287,Michigan State,Nebraska,5,5,0,0,NA,400993686,2018-02-14,
55,3,7:55,1075,1075,Taya Reimer Offensive Rebound.,40,42,-2,18,0.4185512371554796,Michigan State,Nebraska,5,5,0,0,NA,400993686,2018-02-14,
56,3,7:37,1057,1057,Maddie Simon Defensive Rebound.,40,42,-2,19,0.4177936437822201,Michigan State,Nebraska,5,5,0,0,NA,400993686,2018-02-14,
57,3,7:18,1038,1038,Victoria Gaines Steal.,40,42,-2,9,0.4169561709190351,Michigan State,Nebraska,5,5,0,0,NA,400993686,2018-02-14,
58,3,7:09,1029,1029,Kate Cain Defensive Rebound.,40,42,-2,18,0.41654338134249286,Michigan State,Nebraska,5,5,0,0,NA,400993686,2018-02-14,
59,3,6:51,1011,1011,Lexi Gussert Defensive Rebound.,40,42,-2,46,0.41568187158524655,Michigan State,Nebraska,5,5,0,0,NA,400993686,2018-02-14,
60,3,6:05,965,965,Kate Cain Block.,42,44,-2,1,0.41322272477941285,Michigan State,Nebraska,5,5,0,0,NA,400993686,2018-02-14,Michigan State
61,3,6:04,964,964,Kate Cain Defensive Rebound.,42,44,-2,7,0.41316729448422695,Michigan State,Nebraska,5,5,0,0,NA,400993686,2018-02-14,
62,3,5:57,957,957,Branndais Agee Defensive Rebound.,42,44,-2,41,0.41278803950363663,Michigan State,Nebraska,5,5,0,0,NA,400993686,2018-02-14,
63,3,5:16,916,916,Branndais Agee Defensive Rebound.,44,44,0,13,0.5,Michigan State,Nebraska,5,5,0,0,NA,400993686,2018-02-14,Michigan State
64,3,5:03,903,903,Maddie Simon Block.,44,44,0,2,0.5,Michigan State,Nebraska,5,5,0,0,NA,400993686,2018-02-14,
65,3,5:01,901,901,Hannah Whitish Defensive Rebound.,44,44,0,2,0.5,Michigan State,Nebraska,5,5,0,0,NA,400993686,2018-02-14,
66,3,4:59,899,899,Hannah Whitish made Free Throw.,44,45,-1,0,0.45466668750279915,Michigan State,Nebraska,5,5,0,0,NA,400993686,2018-02-14,Nebraska
67,3,4:59,899,899,Hannah Whitish made Free Throw.,44,46,-2,34,0.4100726173789266,Michigan State,Nebraska,5,5,0,0,NA,400993686,2018-02-14,Nebraska
68,3,4:25,865,865,Kate Cain Defensive Rebound.,44,49,-5,87,0.2841348563324892,Michigan State,Nebraska,5,5,0,0,NA,400993686,2018-02-14,Nebraska
69,3,2:58,778,778,Kate Cain Defensive Rebound.,46,51,-5,5,0.2749792549581344,Michigan State,Nebraska,5,5,0,0,NA,400993686,2018-02-14,Michigan State
70,3,2:53,773,773,Nia Hollie Steal.,46,51,-5,3,0.27431714107876837,Michigan State,Nebraska,5,5,0,0,NA,400993686,2018-02-14,
71,3,2:50,770,770,Janay Morton Steal.,46,51,-5,11,0.2739099368585035,Michigan State,Nebraska,5,5,0,0,NA,400993686,2018-02-14,
72,3,2:39,759,759,Shay Colley made Free Throw.,47,53,-6,0,0.23518151670053955,Michigan State,Nebraska,5,5,0,0,NA,400993686,2018-02-14,Michigan State
73,3,2:39,759,759,Shay Colley made Free Throw.,48,53,-5,15,0.27234961850839934,Michigan State,Nebraska,5,5,0,0,NA,400993686,2018-02-14,Michigan State
74,3,2:24,744,744,Michigan State Defensive Rebound.,48,53,-5,26,0.27003845358040357,Michigan State,Nebraska,5,5,0,0,NA,400993686,2018-02-14,
75,3,1:58,718,718,Kate Cain Block.,48,53,-5,1,0.2656518833969541,Michigan State,Nebraska,5,5,0,0,NA,400993686,2018-02-14,
76,3,1:57,717,717,Jenna Allen Offensive Rebound.,48,53,-5,14,0.2654919430542174,Michigan State,Nebraska,5,5,0,0,NA,400993686,2018-02-14,
77,3,1:43,703,703,Bria Stallworth Offensive Rebound.,48,53,-5,36,0.2633669926328267,Michigan State,Nebraska,5,5,0,0,NA,400993686,2018-02-14,
78,3,1:07,667,667,Nebraska Offensive Rebound.,50,55,-5,19,0.25854232122415566,Michigan State,Nebraska,5,5,0,0,NA,400993686,2018-02-14,Michigan State
79,3,0:48,648,648,Kate Cain Defensive Rebound.,50,57,-7,33,0.1834985894571667,Michigan State,Nebraska,5,5,0,0,NA,400993686,2018-02-14,Nebraska
80,3,0:15,615,615,Kate Cain Defensive Rebound.,50,60,-10,12,0.10147901513168452,Michigan State,Nebraska,5,5,0,0,NA,400993686,2018-02-14,Nebraska
81,3,0:03,603,603,Taya Reimer Block.,50,60,-10,1,0.09966087009665571,Michigan State,Nebraska,5,5,0,0,NA,400993686,2018-02-14,
82,3,0:02,602,602,Taylor Kissinger Offensive Rebound.,50,60,-10,2,0.09950322920490783,Michigan State,Nebraska,5,5,0,0,NA,400993686,2018-02-14,
83,3,0:00,600,600,End of 3rd Quarter,50,62,-12,58,0.06613849491992857,Michigan State,Nebraska,5,5,0,0,NA,400993686,2018-02-14,Nebraska
84,4,9:02,542,542,Shay Colley Defensive Rebound.,52,64,-12,5,0.05692193311018963,Michigan State,Nebraska,6,6,0,0,NA,400993686,2018-02-14,Michigan State
85,4,8:57,537,537,Victoria Gaines Offensive Rebound.,52,64,-12,21,0.05613624035130987,Michigan State,Nebraska,6,6,0,0,NA,400993686,2018-02-14,
86,4,8:36,516,516,Shay Colley made Free Throw.,55,64,-9,23,0.10359225484895675,Michigan State,Nebraska,6,6,0,0,NA,400993686,2018-02-14,Michigan State
87,4,8:13,493,493,Taryn McCutcheon Steal.,55,64,-9,8,0.09979760618569794,Michigan State,Nebraska,6,6,0,0,NA,400993686,2018-02-14,
88,4,8:05,485,485,Hannah Whitish Defensive Rebound.,55,64,-9,13,0.09845239741381255,Michigan State,Nebraska,6,6,0,0,NA,400993686,2018-02-14,
89,4,7:52,472,472,Jasmine Cincore Offensive Rebound.,55,64,-9,19,0.0961193758296775,Michigan State,Nebraska,6,6,0,0,NA,400993686,2018-02-14,
90,4,7:33,453,453,Lexi Gussert Defensive Rebound.,55,64,-9,9,0.0921685964151629,Michigan State,Nebraska,6,6,0,0,NA,400993686,2018-02-14,
91,4,7:24,444,444,Nicea Eliely Defensive Rebound.,55,64,-9,33,0.08999384022165832,Michigan State,Nebraska,6,6,0,0,NA,400993686,2018-02-14,
92,4,6:51,411,411,Nebraska Deadball Team Rebound.,55,64,-9,25,0.08099003911738302,Michigan State,Nebraska,6,6,0,0,NA,400993686,2018-02-14,
93,4,6:26,386,386,Hannah Whitish Steal.,55,64,-9,17,0.07506788441723439,Michigan State,Nebraska,6,6,0,0,NA,400993686,2018-02-14,
94,4,6:09,369,369,Kate Cain Offensive Rebound.,55,64,-9,3,0.07110030485077302,Michigan State,Nebraska,6,6,0,0,NA,400993686,2018-02-14,
95,4,6:06,366,366,Kate Cain missed Free Throw.,55,64,-9,0,0.07037965626373802,Michigan State,Nebraska,6,6,0,0,NA,400993686,2018-02-14,
96,4,6:06,366,366,Nebraska Deadball Team Rebound.,55,64,-9,0,0.07037965626373802,Michigan State,Nebraska,6,6,0,0,NA,400993686,2018-02-14,
97,4,6:06,366,366,Kate Cain made Free Throw.,55,65,-10,8,0.05377683837773273,Michigan State,Nebraska,6,6,0,0,NA,400993686,2018-02-14,Nebraska
98,4,5:58,358,358,Janay Morton Defensive Rebound.,55,65,-10,64,0.05207696570153618,Michigan State,Nebraska,6,6,0,0,NA,400993686,2018-02-14,
99,4,4:54,294,294,Shay Colley Defensive Rebound.,57,67,-10,17,0.037538256140213035,Michigan State,Nebraska,6,6,0,0,NA,400993686,2018-02-14,Michigan State
100,4,4:37,277,277,Jenna Allen Offensive Rebound.,57,67,-10,4,0.037832239690935146,Michigan State,Nebraska,6,6,0,0,NA,400993686,2018-02-14,
101,4,4:33,273,273,Nebraska Defensive Rebound.,57,67,-10,13,0.03817202675709735,Michigan State,Nebraska,6,6,0,0,NA,400993686,2018-02-14,
102,4,4:20,260,260,Kate Cain Defensive Rebound.,57,67,-10,29,0.03959742513682599,Michigan State,Nebraska,6,6,0,0,NA,400993686,2018-02-14,
103,4,3:51,231,231,Shay Colley Defensive Rebound.,57,67,-10,9,0.041269343951073574,Michigan State,Nebraska,6,6,0,0,NA,400993686,2018-02-14,
104,4,3:42,222,222,Nicea Eliely Defensive Rebound.,57,67,-10,59,0.04028735516984785,Michigan State,Nebraska,6,6,0,0,NA,400993686,2018-02-14,
105,4,2:43,163,163,Taya Reimer Steal.,60,70,-10,9,0.015833007086315798,Michigan State,Nebraska,6,6,0,0,NA,400993686,2018-02-14,Michigan State
106,4,2:34,154,154,Nicea Eliely Steal.,60,70,-10,12,0.012844831637788674,Michigan State,Nebraska,6,6,0,0,NA,400993686,2018-02-14,
107,4,2:22,142,142,Shay Colley made Free Throw.,63,72,-9,42,0.015005522382936847,Michigan State,Nebraska,6,6,0,0,NA,400993686,2018-02-14,Michigan State
108,4,1:40,100,100,Taylor Kissinger Defensive Rebound.,63,74,-11,20,0.0012680195057788834,Michigan State,Nebraska,6,6,0,0,NA,400993686,2018-02-14,Nebraska
109,4,1:20,80,80,Nicea Eliely made Free Throw.,63,75,-12,0,2.3678272240550293e-4,Michigan State,Nebraska,6,6,0,0,NA,400993686,2018-02-14,Nebraska
110,4,1:20,80,80,Nicea Eliely made Free Throw.,63,76,-13,44,1.1810618204254167e-4,Michigan State,Nebraska,6,6,0,0,NA,400993686,2018-02-14,Nebraska
111,4,0:36,36,36,Nicea Eliely missed Free Throw.,67,76,-9,0,2.232840839613955e-4,Michigan State,Nebraska,6,6,0,0,NA,400993686,2018-02-14,Michigan State
112,4,0:36,36,36,Nebraska Deadball Team Rebound.,67,76,-9,0,2.232840839613955e-4,Michigan State,Nebraska,6,6,0,0,NA,400993686,2018-02-14,
113,4,0:36,36,36,Nicea Eliely made Free Throw.,67,77,-10,4,8.774955919018496e-5,Michigan State,Nebraska,6,6,0,0,NA,400993686,2018-02-14,Nebraska
114,4,0:32,32,32,Jasmine Cincore Defensive Rebound.,67,77,-10,5,6.852172463696712e-5,Michigan State,Nebraska,6,6,0,0,NA,400993686,2018-02-14,
115,4,0:27,27,27,Maddie Simon missed Free Throw.,67,77,-10,0,4.999928147389964e-5,Michigan State,Nebraska,6,6,0,0,NA,400993686,2018-02-14,
116,4,0:27,27,27,Nebraska Deadball Team Rebound.,67,77,-10,0,4.999928147389964e-5,Michigan State,Nebraska,6,6,0,0,NA,400993686,2018-02-14,
117,4,0:27,27,27,Maddie Simon made Free Throw.,67,78,-11,17,1.8572739180347442e-5,Michigan State,Nebraska,6,6,0,0,NA,400993686,2018-02-14,Nebraska
118,4,0:10,10,10,Taylor Kissinger missed Free Throw.,69,78,-9,0,4.840707135609436e-5,Michigan State,Nebraska,6,6,0,0,NA,400993686,2018-02-14,Michigan State
119,4,0:10,10,10,Nebraska Deadball Team Rebound.,69,78,-9,0,4.840707135609436e-5,Michigan State,Nebraska,6,6,0,0,NA,400993686,2018-02-14,
120,4,0:10,10,10,Taylor Kissinger made Free Throw.,69,79,-10,6,1.6049836795663714e-5,Michigan State,Nebraska,6,6,0,0,NA,400993686,2018-02-14,Nebraska
121,4,0:04,4,4,Maddie Simon Defensive Rebound.,69,79,-10,4,1.0450851848459445e-5,Michigan State,Nebraska,6,6,0,0,NA,400993686,2018-02-14,
122,4,0:00,0,0,End of Game,69,79,-10,0,1.3838965267367376e-87,Michigan State,Nebraska,6,6,0,0,NA,400993686,2018-02-14,
